	ERR3470491	ERR3470495	ERR3470496	ERR3470497	ERR3470499	ERR3470501	ERR3470502	ERR3470503	ERR3470492	ERR3470493	ERR3470494	ERR3470484	ERR3470486	ERR3470487	ERR3470488	ERR3470490	ERR3470504	ERR3470505	ERR3470506	ERR3470507	ERR3470508	ERR3470510	ERR3470511	ERR3470512	ERR3470514	ERR3470515	ERR3470516	ERR3470517	ERR3470519	ERR3470520	ERR3470521	ERR3470522	ERR3470523	ERR3470524	ERR3470526	ERR3470527	ERR3470528	ERR3470529	ERR3470530	ERR3470531	ERR3470532	ERR3470535	ERR3470536
PF3D7_1314600	19	44	3	3	4	2	1	4	6	6	0	3	2	0	0	0	11	17	6	2	2	2	8	0	0	3	2	1	2	1	5	0	4	0	3	3	8	4	6	1	13	3	1
PF3D7_0621350	4	9	10	2	3	4	0	9	4	2	0	2	6	28	0	0	6	3	2	0	1	0	2	3	2	2	4	0	0	2	1	0	0	2	1	0	2	4	1	1	1	2	3
PF3D7_0209400	75	171	25	30	7	8	6	21	32	35	11	19	3	47	1	0	26	32	24	6	4	14	68	4	9	4	14	0	10	5	26	2	19	5	5	1	71	14	10	3	122	4	6
PF3D7_1142200	31	55	19	1	2	29	1	29	39	19	1	9	12	31	5	11	24	41	75	1	1	8	22	25	1	9	8	0	3	19	7	1	4	19	3	1	19	26	7	1	20	11	16
PF3D7_0507200	51	370	107	30	21	7	19	58	38	77	19	25	8	64	14	21	41	98	63	6	10	25	52	22	4	19	9	34	109	8	21	4	33	17	8	4	180	54	9	5	85	13	25
PF3D7_0806000	37	117	23	12	8	2	4	14	21	33	4	13	2	11	9	1	16	40	22	1	15	4	20	4	10	4	6	6	17	1	16	2	10	7	3	0	68	16	20	1	44	7	11
PF3D7_1006800	232	307	187	50	36	59	16	145	132	85	0	16	47	120	6	69	156	119	67	7	15	18	218	99	9	37	59	16	24	26	13	2	18	17	5	3	121	44	7	3	206	62	120
PF3D7_0412000	9	13	2	1	1	1	1	3	4	8	0	7	1	6	1	1	20	17	6	1	6	2	4	0	0	4	2	0	2	0	5	0	1	1	6	0	8	3	4	0	4	5	0
PF3D7_0732200	23	18	13	1	12	1	3	7	11	6	4	5	0	59	10	1	46	11	4	1	4	1	5	0	1	1	5	1	1	19	7	1	1	14	1	0	0	5	0	0	8	3	0
PF3D7_0324800	122	275	42	10	2	2	2	5	14	3	1	5	0	6	2	0	8	7	32	3	0	3	0	6	0	4	5	3	7	71	10	1	13	1	1	1	1	6	7	0	30	2	5
PF3D7_1227500	62	108	35	11	7	11	6	15	11	16	0	19	0	3	4	2	60	51	20	3	7	4	7	3	7	12	6	14	13	6	9	3	5	2	17	5	69	9	10	5	9	18	0
PF3D7_0301800	444	263	145	73	81	213	17	722	318	120	6	31	325	209	9	82	441	346	241	38	11	41	344	424	18	163	361	0	3	168	1	8	2	92	26	11	1	166	33	15	304	338	602
PF3D7_0920900	230	1069	49	68	29	5	39	47	95	140	36	57	5	77	17	0	87	79	25	25	35	86	360	5	52	3	19	62	132	4	119	23	140	25	2	27	388	68	13	10	628	22	62
PF3D7_1443600	6	11	9	3	0	1	0	5	2	2	0	2	0	0	0	0	12	7	9	4	0	0	1	0	1	5	0	0	0	0	2	0	2	0	1	0	0	2	5	0	1	5	0
PF3D7_0415900	500	1005	187	119	72	75	64	211	264	202	10	121	54	212	11	14	193	142	116	27	59	57	424	88	114	27	103	90	105	32	77	13	192	40	16	15	599	100	8	4	488	67	193
PF3D7_0214100	687	784	502	302	142	369	44	470	373	186	26	348	163	370	34	68	596	1645	1208	68	25	80	375	378	38	136	392	19	55	239	93	15	192	155	121	29	142	295	77	87	316	297	287
PF3D7_0726100	1509	1676	573	366	254	604	113	1054	835	508	46	166	317	813	63	53	944	602	588	103	47	204	1181	509	48	152	645	37	95	230	192	13	52	243	100	22	198	421	45	67	730	316	572
PF3D7_0717700	172	395	70	58	32	20	27	74	51	72	5	32	11	86	9	0	64	38	33	6	25	17	167	9	42	9	20	17	46	7	62	4	112	7	6	15	377	14	5	4	195	23	34
PF3D7_1342200	5	61	3	7	1	2	6	13	7	7	0	2	1	7	1	0	13	18	9	2	4	0	8	0	1	3	5	0	2	1	7	0	6	0	3	1	9	1	2	1	24	1	2
PF3D7_1400700	5	0	2	0	0	0	0	3	0	0	0	1	0	0	0	0	8	2	3	0	0	0	1	0	0	2	0	0	0	1	0	0	0	0	0	0	0	1	0	0	0	0	0
PF3D7_1322800	5	1	2	0	0	0	1	1	0	5	0	1	0	1	0	0	4	0	1	0	0	0	0	0	0	2	0	0	0	0	0	1	0	1	1	1	0	0	0	0	1	2	0
PF3D7_1477400	14	13	11	6	3	3	1	7	6	6	0	1	0	1	2	1	21	26	7	0	1	1	1	1	1	4	3	0	12	2	9	6	3	2	7	9	77	4	10	1	0	6	0
PF3D7_1106700	34	64	14	6	3	3	5	5	20	18	2	5	2	15	1	1	16	19	4	4	6	2	21	0	13	5	8	3	1	3	11	1	17	1	1	2	26	4	9	2	31	5	1
PF3D7_0621100	19	31	8	4	4	8	0	16	12	7	1	3	1	1	4	2	21	59	17	1	1	1	1	3	0	7	3	1	1	3	3	0	0	0	7	0	6	10	6	0	3	11	0
PF3D7_1040800	0	0	0	0	0	0	0	0	0	0	0	1	0	0	0	0	1	1	0	0	0	0	1	0	0	0	0	0	0	0	0	0	0	0	0	0	0	0	0	0	0	0	0
PF3D7_0909100	8	3	6	0	1	3	0	1	2	2	0	4	0	1	1	1	4	3	2	0	0	1	0	0	0	2	1	0	1	1	3	0	0	0	1	0	2	1	3	0	2	1	0
PF3D7_1342400	141	125	39	30	10	15	4	45	54	31	1	7	13	46	3	2	63	62	28	1	3	11	93	27	7	3	30	4	14	10	17	3	16	8	3	0	70	27	6	5	90	22	52
PF3D7_1028500	311	310	139	57	29	89	16	110	113	59	2	30	48	145	9	25	133	112	81	10	11	15	177	99	36	28	60	13	13	37	43	2	44	28	10	7	147	50	11	2	196	56	133
PF3D7_1419100	309	377	97	97	42	109	21	164	170	101	5	50	31	218	11	2	141	141	65	12	31	21	247	92	51	39	113	16	36	28	75	9	62	27	17	7	229	73	7	7	203	68	111
PF3D7_1448500	27	71	39	19	3	70	4	20	11	18	3	15	1	1	4	4	72	59	26	5	3	4	10	2	2	28	17	0	4	5	14	1	6	4	19	3	28	25	25	3	7	20	0
PF3D7_1125000	18	49	28	1	0	5	2	4	6	6	2	7	3	45	1	4	8	8	7	0	0	3	18	1	5	5	4	1	7	0	3	0	2	3	1	0	5	1	2	0	4	6	1
PF3D7_1468000	12	23	21	3	1	1	1	4	2	2	0	7	0	0	1	1	15	12	3	1	0	3	0	3	0	5	3	1	2	1	3	0	1	0	4	0	3	2	3	1	2	7	1
PF3D7_0500900	10	8	5	2	1	11	1	4	6	4	1	7	0	0	2	0	13	26	8	1	0	0	4	0	0	4	1	0	4	1	0	1	2	0	0	0	1	7	4	0	4	9	0
PF3D7_1207600	132	204	47	34	8	10	13	24	62	48	0	9	4	28	6	2	45	32	18	3	8	5	74	1	18	4	8	17	13	8	20	0	7	12	2	2	47	12	6	0	75	6	13
PF3D7_0311400	83	109	63	24	11	24	2	34	30	39	3	20	9	28	4	13	81	125	44	4	2	6	27	19	4	32	24	1	7	7	1	0	9	11	25	4	6	17	49	5	15	33	8
PF3D7_0722200	19	39	9	11	1	4	2	14	9	10	1	1	1	4	4	7	30	47	10	0	3	6	5	5	1	8	5	0	2	2	3	0	4	0	8	1	2	7	10	2	10	6	1
PF3D7_API02500	0	0	0	0	0	0	0	0	0	0	0	0	0	0	0	0	0	0	0	0	0	0	0	0	0	0	0	0	0	0	0	0	0	0	0	0	0	0	0	0	0	0	0
PF3D7_0515900	0	21	1	2	0	1	0	3	1	0	0	0	0	1	0	0	1	1	0	3	1	0	0	0	3	1	1	1	2	0	1	0	1	0	1	0	8	1	0	0	0	0	0
PF3D7_0319500	35	73	38	6	1	2	5	10	15	8	2	6	2	15	0	1	18	11	4	0	4	1	17	4	6	3	3	2	4	0	8	0	8	3	2	1	25	3	3	0	14	1	8
PF3D7_1450000	136	183	53	41	22	75	15	121	74	48	7	33	45	105	6	13	116	62	36	9	26	12	76	72	23	28	95	12	18	22	48	6	46	29	12	11	89	34	9	15	150	45	67
PF3D7_0300600	0	0	0	0	0	0	0	0	0	0	0	0	0	0	0	0	0	0	0	0	0	0	0	0	0	0	0	0	0	0	0	0	0	0	0	0	0	0	0	0	0	0	0
PF3D7_1443900	60	118	19	29	9	18	9	31	22	28	1	30	0	7	3	4	50	75	37	7	11	5	32	2	26	11	21	25	23	9	53	5	70	2	18	7	137	23	15	3	22	13	11
PF3D7_1222800	1	6	1	0	0	3	0	1	3	1	0	2	0	0	0	0	4	9	1	0	0	0	0	1	0	1	0	0	1	1	0	0	0	0	1	0	2	0	0	0	1	0	0
PF3D7_1470100	966	2385	432	269	130	229	112	353	630	628	36	74	164	525	65	24	364	743	419	44	114	172	986	319	170	105	241	100	236	69	137	28	152	162	28	41	735	226	40	11	719	143	493
PF3D7_0519700	880	1858	270	159	170	414	77	214	680	367	32	161	150	484	47	100	595	692	339	32	52	85	831	546	82	183	442	61	90	117	175	20	268	124	68	20	788	250	18	38	1264	267	400
PF3D7_1469700	5	460	13	5	2	5	10	4	4	6	4	20	0	2	3	6	13	44	2	1	16	3	24	2	28	1	0	35	114	0	81	3	61	0	5	9	182	11	3	0	58	5	3
PF3D7_1455700	10	24	19	3	0	2	0	5	3	6	0	4	0	6	2	0	9	7	2	2	0	6	5	0	2	7	1	0	2	1	3	0	3	3	4	0	2	2	4	0	7	3	1
PF3D7_1132100	30	63	26	12	4	7	5	25	16	12	1	5	2	81	3	1	22	24	17	3	0	5	13	15	4	4	7	0	1	5	6	0	0	4	0	5	3	9	14	0	16	4	11
PF3D7_0532200	66	149	22	26	11	7	8	5	45	41	4	16	0	24	5	0	11	18	25	4	15	23	9	5	9	2	12	18	15	4	32	1	90	4	7	1	119	28	7	5	230	6	13
PF3D7_0508700	159	133	92	36	15	43	6	78	81	44	3	11	31	73	8	7	112	45	49	3	15	10	75	34	26	16	43	12	17	13	28	4	24	17	7	4	82	21	18	4	60	26	78
PF3D7_1227400	141	193	106	29	15	26	18	87	61	30	0	45	19	71	2	10	55	54	29	4	25	15	106	20	40	11	57	17	25	16	45	7	63	16	8	9	174	33	6	6	69	34	49
PF3D7_1126200	223	791	126	73	27	37	38	120	163	137	20	74	23	120	6	7	105	96	45	11	15	39	272	48	54	21	67	61	66	10	45	8	124	24	6	8	372	66	8	14	390	29	117
PF3D7_1242500	2	8	0	2	0	0	0	3	1	0	0	4	2	1	0	0	5	2	0	0	1	0	3	0	1	1	1	0	3	0	1	0	0	0	0	2	2	0	1	0	2	1	0
PF3D7_0806700	188	279	60	53	17	23	13	61	77	70	6	28	17	88	6	4	67	49	33	8	23	22	122	25	25	8	50	15	36	7	96	10	81	15	14	12	213	44	14	7	86	9	62
PF3D7_0911100	27	32	14	6	11	75	5	24	17	2	1	0	1	2	3	23	29	77	8	1	2	6	5	4	0	10	17	4	6	2	3	1	2	5	7	1	2	3	14	3	8	19	2
PF3D7_0303500	11	26	13	5	2	5	0	3	5	10	1	7	0	0	0	2	26	13	13	0	0	2	6	0	2	5	2	0	2	2	4	3	0	0	4	0	24	4	11	0	4	3	0
PF3D7_0422800	7	6	2	1	2	5	0	11	1	2	0	4	1	5	1	0	5	10	5	0	0	1	6	0	0	2	1	1	6	0	2	1	0	1	0	1	3	2	4	2	3	2	0
PF3D7_0926300	44	129	16	19	3	6	7	11	15	23	6	7	1	30	2	0	19	18	24	5	3	13	49	8	3	8	4	8	14	5	8	4	9	5	4	4	30	26	14	2	77	6	17
PF3D7_1436400	4	15	1	6	6	7	2	9	5	5	0	1	4	0	0	1	12	4	1	0	3	1	1	9	3	3	1	0	0	0	5	0	2	0	0	2	16	2	4	1	4	3	0
PF3D7_1215600	1	2	5	1	0	1	0	0	0	0	0	0	0	0	0	0	4	0	0	0	0	0	2	0	0	0	1	0	0	0	1	0	0	0	0	1	0	0	1	0	0	0	0
PF3D7_0808700	11	30	17	1	3	2	2	13	6	8	1	8	1	4	2	0	23	11	6	3	3	0	10	1	3	1	4	1	8	1	8	0	36	0	2	0	5	2	2	6	1	3	3
PF3D7_1444700	4	23	13	1	5	16	0	7	2	0	0	1	5	1	0	2	4	5	1	0	1	0	1	12	3	2	3	1	4	1	0	1	4	1	2	2	11	2	5	0	2	1	0
PF3D7_1209600	15	68	7	9	1	7	1	1	4	9	0	7	0	4	1	1	20	20	9	2	0	0	9	1	3	2	2	4	10	0	7	1	4	1	3	2	6	2	11	0	16	3	0
PF3D7_0523800	268	227	147	72	32	101	23	161	144	77	6	45	85	139	21	32	199	159	86	18	11	27	149	121	8	37	104	13	17	54	57	6	53	58	20	8	81	69	24	12	185	71	170
PF3D7_1459700	8	15	11	2	0	3	0	2	3	0	0	3	0	5	0	0	10	10	1	0	1	1	5	1	1	2	2	0	4	2	1	0	1	4	1	0	5	1	1	0	3	5	1
PF3D7_1409000	85	223	44	25	14	9	6	27	23	64	7	6	2	26	3	0	40	60	25	4	9	16	100	2	14	4	16	5	24	4	19	6	16	12	15	5	67	24	4	3	77	7	19
PF3D7_1028900	13	13	7	2	0	5	1	0	3	1	0	5	0	1	10	3	13	15	4	0	0	2	0	1	0	3	1	0	2	2	2	0	0	0	1	0	4	0	3	0	1	3	0
PF3D7_1447100	67	98	33	5	6	10	5	23	33	16	1	1	5	18	1	2	24	22	11	0	6	7	44	8	3	0	8	4	6	3	8	1	5	6	0	3	44	11	5	0	14	4	19
PF3D7_1366000	2	12	1	0	2	0	1	2	0	1	0	6	0	2	1	0	2	13	0	0	1	1	2	2	0	0	0	0	0	0	1	0	0	1	0	0	4	1	0	0	4	1	1
PF3D7_1026000	19	33	32	41	10	11	7	155	4	12	0	26	3	19	0	1	30	5	28	4	45	11	53	4	67	6	37	34	14	4	32	5	16	18	5	11	228	22	2	1	47	55	98
PF3D7_0919800	537	373	435	74	45	85	36	207	212	92	5	23	26	185	14	12	199	140	95	5	12	21	234	80	15	17	81	9	24	16	37	4	6	37	22	6	59	57	6	8	202	35	102
PF3D7_0205000	1	10	2	2	0	1	0	0	0	1	0	1	1	1	1	0	4	2	1	1	0	0	1	0	2	1	2	0	5	2	3	1	0	0	0	2	5	1	0	0	0	3	0
PF3D7_1354200	30	56	11	6	1	6	2	11	10	13	1	8	2	0	1	2	17	12	7	3	4	3	21	1	6	5	4	8	8	1	10	1	12	3	4	0	39	5	6	0	16	12	1
PF3D7_1353200	1103	2289	105	222	115	173	130	268	438	355	69	152	52	305	24	1	395	182	79	35	88	186	560	86	173	13	145	100	242	60	446	21	743	73	23	20	1253	170	23	55	2067	121	412
PF3D7_0700300	0	0	0	0	0	0	0	0	0	0	0	0	0	0	0	0	0	0	0	0	0	0	0	0	0	0	0	0	0	0	0	0	0	0	0	0	0	0	0	0	0	0	0
PF3D7_0610800	1285	1601	495	438	321	535	130	1072	780	531	86	215	248	775	88	111	927	992	541	107	112	192	1201	552	175	247	534	128	193	231	433	52	453	250	166	79	972	535	109	94	1512	238	756
PF3D7_0914300	128	373	78	28	26	55	31	56	90	80	15	24	69	116	8	41	92	163	71	21	13	24	188	79	15	53	47	12	29	48	39	8	39	23	22	6	82	70	25	7	199	69	112
PF3D7_1005200	4	5	8	1	0	2	3	3	3	2	0	0	3	4	0	1	1	0	4	0	0	0	2	3	1	2	5	0	3	0	0	2	0	1	0	0	2	2	1	0	0	0	0
PF3D7_0605000	9	26	22	1	3	6	4	3	4	15	2	3	8	13	3	3	7	26	15	0	3	2	5	11	1	7	4	2	8	1	4	0	3	4	1	2	10	7	9	0	14	7	9
PF3D7_0410900	40	42	20	12	2	6	5	7	16	16	1	7	0	13	0	3	23	19	5	0	8	5	27	3	23	1	4	11	6	0	14	2	28	1	3	1	84	9	8	3	103	7	4
PF3D7_1113700	25	53	11	4	3	4	5	11	18	6	2	4	0	3	2	0	13	14	6	0	1	7	18	2	5	0	6	3	2	1	4	0	9	3	2	0	25	8	2	1	19	4	8
PF3D7_1108800	4	24	0	1	1	0	1	1	0	1	0	0	1	1	0	0	1	0	1	0	0	0	3	0	1	1	2	1	1	1	2	0	1	1	0	0	8	0	0	0	11	0	0
PF3D7_1129400	449	692	218	140	40	70	50	97	220	124	15	81	12	206	24	5	200	96	55	12	84	77	406	18	142	19	42	40	99	18	143	12	182	20	17	28	538	65	24	10	538	44	86
PF3D7_1215000	8	8	2	3	2	2	0	2	2	1	0	1	0	0	1	0	11	1	2	0	4	0	2	0	0	2	1	1	0	1	3	1	4	0	1	3	10	1	2	0	0	2	0
PF3D7_0607000	758	417	821	184	97	76	61	269	338	137	5	51	50	299	21	94	370	210	206	18	57	47	220	118	72	76	95	60	72	57	74	5	101	39	30	14	328	75	28	6	182	81	376
PF3D7_0519600	24	54	15	6	0	10	6	11	10	12	0	11	3	19	4	3	17	10	11	2	4	4	16	4	5	6	7	4	5	1	19	0	15	4	2	2	63	7	4	0	22	4	18
PF3D7_1460600	249	484	24	40	29	73	25	94	138	127	15	30	33	121	8	2	113	61	79	16	21	30	216	34	46	16	34	26	94	11	19	7	39	18	9	9	223	76	23	8	266	46	150
PF3D7_1321700	133	214	133	43	21	59	15	73	83	59	6	34	16	84	12	9	123	195	97	7	9	12	86	30	8	29	32	7	17	9	11	4	22	25	24	4	47	49	37	7	40	33	57
PF3D7_0820000	763	593	252	164	60	71	48	224	215	134	17	72	30	332	17	11	233	149	90	23	66	55	297	81	112	37	164	38	74	50	184	15	129	39	18	23	559	90	34	12	241	56	187
PF3D7_0623900	16	24	18	6	0	11	2	22	2	5	0	5	5	17	2	7	16	14	15	1	2	2	16	6	9	7	5	0	4	0	4	0	1	1	3	2	11	19	7	1	3	2	1
PF3D7_0311900	12	13	16	6	4	9	1	10	0	5	0	5	0	3	1	0	12	13	3	0	3	0	3	0	0	2	0	3	3	3	5	0	2	0	1	0	8	4	5	0	1	2	0
PF3D7_1372900	1	1	0	0	0	0	0	0	1	0	0	0	0	0	0	0	0	2	0	0	0	0	0	0	0	0	0	0	0	0	0	0	0	0	0	0	0	0	0	0	0	0	0
PF3D7_0905600	7	13	18	0	0	8	1	6	4	4	1	6	0	3	0	0	20	9	5	0	1	1	6	1	2	2	2	1	4	4	0	0	3	4	0	0	6	0	5	1	9	4	1
PF3D7_1437700	22	20	44	7	1	8	1	12	12	4	1	6	2	1	3	7	32	55	19	5	0	0	2	0	0	6	6	0	1	1	7	1	2	3	10	0	2	9	7	2	0	6	2
PF3D7_1307100	74	145	40	27	10	18	5	43	52	24	0	13	24	49	4	3	63	38	30	4	8	5	93	21	10	11	36	6	14	8	33	1	14	10	4	3	53	26	6	5	85	24	48
PF3D7_1110300	103	131	62	18	8	13	6	33	38	17	1	9	22	34	2	25	37	43	25	4	10	6	65	32	8	9	9	4	7	12	8	2	5	6	3	4	43	17	4	1	71	20	48
PF3D7_0532400	4	13	15	7	17	24	12	9	4	5	3	113	0	0	1	4	24	22	14	1	186	18	6	4	253	7	1	120	46	2	34	12	98	0	2	19	919	9	5	0	4	59	4
PF3D7_0527500	343	287	372	116	38	59	20	163	195	67	4	57	17	136	15	83	133	201	176	19	13	31	88	59	16	27	48	11	18	29	21	3	35	50	18	6	135	56	13	8	97	47	133
PF3D7_0620600	41	22	18	5	1	4	3	4	14	8	0	4	0	30	1	0	13	6	10	0	2	3	11	2	3	2	5	0	4	2	2	0	1	0	2	1	6	5	2	0	3	2	1
PF3D7_1413400	18	18	6	4	3	6	4	3	7	5	0	11	0	0	2	2	27	19	11	1	0	0	3	0	0	4	1	0	0	0	1	0	5	0	5	0	3	5	6	0	1	5	0
PF3D7_1214700	3	12	4	2	0	0	1	0	1	0	1	1	0	0	0	0	3	2	0	0	0	0	3	2	0	2	0	1	0	0	1	0	3	0	2	1	4	0	1	0	0	1	0
PF3D7_1327000	25	40	22	6	3	4	2	6	7	11	1	10	1	15	0	0	23	11	9	2	7	3	17	1	3	5	1	4	4	4	7	1	2	3	4	2	24	5	7	0	14	6	5
PF3D7_0716300	24	57	14	7	3	15	4	21	12	13	2	14	4	10	1	5	26	32	17	1	16	4	16	13	20	4	10	9	19	2	16	2	20	0	5	3	158	6	8	0	15	10	5
PF3D7_1426600	4	14	3	7	0	0	0	1	1	1	0	2	0	1	0	0	7	5	2	1	1	0	1	1	2	4	0	0	1	0	1	1	0	0	1	0	0	1	2	0	1	0	1
PF3D7_0210400	1	17	1	0	0	3	0	2	3	2	0	0	0	0	0	0	4	2	2	0	0	0	1	0	0	0	0	1	4	0	3	0	1	0	1	0	8	2	3	1	0	2	0
PF3D7_0920800	637	793	63	151	110	92	63	274	289	289	23	109	31	314	25	4	425	480	137	32	49	61	594	76	80	40	206	67	127	23	193	17	276	88	42	25	631	158	35	31	594	64	166
PF3D7_1250000	283	470	116	45	20	34	31	79	140	72	2	18	8	90	3	9	60	78	47	4	15	14	190	25	16	13	25	14	21	3	10	0	24	17	8	5	108	25	4	1	135	8	50
PF3D7_1418500	0	1	0	0	1	0	0	0	0	0	0	0	0	0	0	0	2	3	0	0	0	0	0	0	0	0	0	0	0	0	0	0	0	0	0	0	0	0	0	0	0	0	0
PF3D7_1009200	262	242	95	75	33	107	26	172	131	77	14	40	33	117	10	7	123	190	112	13	14	31	156	62	17	25	88	18	68	21	44	3	33	43	28	4	104	71	25	13	168	40	89
PF3D7_0921900	89	164	91	17	7	23	7	40	47	19	0	4	11	24	4	4	45	25	26	1	8	4	84	21	11	2	13	9	3	1	3	1	15	6	3	1	59	15	2	0	54	14	38
PF3D7_1463300	86	119	10	7	10	11	4	26	30	26	1	2	3	32	4	1	43	44	24	4	4	4	79	15	3	3	14	3	11	3	11	0	1	10	1	2	19	12	5	1	45	12	27
PF3D7_0318400	21	92	29	6	6	6	3	8	16	24	3	3	3	19	4	9	9	23	21	0	1	3	16	8	0	5	6	3	4	8	5	2	2	18	2	1	19	10	6	0	28	8	19
PF3D7_1321100	43	98	27	6	1	11	1	11	17	14	0	12	1	8	5	4	57	37	20	1	10	7	12	2	7	23	8	0	10	8	6	0	5	2	9	0	5	9	18	1	11	20	0
PF3D7_1361300	4	0	0	1	0	0	1	2	0	2	0	1	0	1	1	2	2	7	0	0	0	0	0	1	0	0	0	0	2	1	0	0	0	0	0	0	3	1	2	0	0	6	0
PF3D7_1252900	69	87	32	10	7	49	3	71	29	32	0	2	56	50	10	2	102	63	26	2	2	5	89	55	3	17	61	0	4	13	0	2	3	31	7	2	6	34	3	2	72	50	88
PF3D7_1244800	222	495	325	53	19	137	29	44	87	99	9	22	5	112	8	2	73	58	35	6	8	27	238	20	30	3	29	23	67	7	61	3	73	22	6	4	170	17	40	4	178	26	36
PF3D7_1020100	10	53	11	4	1	0	1	6	9	11	2	4	0	5	0	1	6	11	5	2	4	3	15	2	0	2	2	3	8	1	6	1	7	6	5	3	20	6	1	0	19	1	9
PF3D7_0622600	0	1	1	0	0	0	0	0	1	1	0	0	0	0	0	1	0	0	0	0	0	0	0	0	0	0	0	0	0	0	0	0	0	0	0	0	0	0	0	0	1	0	0
PF3D7_0525000	35	57	30	62	21	83	1	116	40	27	14	182	7	39	7	6	79	30	78	7	26	19	21	40	34	28	63	9	13	15	50	9	3	34	9	14	69	64	26	4	22	35	53
PF3D7_0732500	3	10	10	7	2	1	9	2	0	0	0	4	1	0	0	0	5	23	3	0	0	3	6	0	1	2	1	0	0	1	1	0	3	1	21	0	2	1	1	0	6	2	1
PF3D7_1335300	12	25	2	3	5	3	0	6	9	6	0	6	2	1	1	6	12	42	13	1	1	0	7	0	1	1	2	0	0	3	2	0	2	4	3	1	0	8	14	0	8	3	0
PF3D7_0207000	6	14	9	1	4	11	0	3	4	6	0	3	1	0	1	3	4	20	4	1	0	1	3	0	1	5	1	0	1	1	2	0	3	1	2	0	3	0	0	1	0	0	0
PF3D7_0412300	11	5	0	1	0	0	0	2	3	0	0	1	0	1	0	0	3	1	3	0	0	0	9	0	1	0	2	0	1	1	1	1	2	1	1	2	1	0	1	0	7	1	1
PF3D7_1433400	123	160	70	41	22	15	6	28	65	39	3	47	1	13	4	11	98	91	38	1	31	15	28	5	65	27	15	46	73	16	130	20	89	4	21	37	432	22	36	7	31	33	96
PF3D7_1473600	7	49	0	5	1	0	1	2	2	4	2	3	1	0	0	0	7	3	1	3	0	0	8	0	0	2	0	4	11	0	4	1	7	2	2	5	37	2	1	1	11	1	0
PF3D7_1006900	27	77	11	2	5	1	2	6	7	13	2	5	0	9	3	1	10	5	10	1	4	5	26	2	7	6	3	4	10	2	4	2	4	4	2	1	28	1	3	0	35	4	7
PF3D7_1014800	5	15	13	1	0	2	0	6	1	2	0	0	0	0	2	0	9	8	5	1	0	1	1	0	0	0	1	0	1	2	1	0	0	2	0	0	2	2	3	0	0	2	0
PF3D7_1471900	56	116	14	17	8	5	5	23	30	26	2	9	2	17	1	0	19	15	19	8	2	10	79	6	6	10	21	0	5	5	16	0	3	10	6	1	25	25	9	0	46	10	17
PF3D7_1026600	91	110	66	17	35	274	10	48	134	43	1	8	48	25	11	114	126	140	49	4	0	13	25	90	4	35	51	0	4	16	6	2	7	9	17	0	6	22	28	1	38	54	11
PF3D7_0107600	18	16	16	1	0	6	3	6	2	0	0	2	1	0	0	2	14	6	6	0	0	0	0	0	0	4	7	1	1	0	2	0	1	0	3	0	2	0	6	2	1	4	0
PF3D7_0922100	1542	1451	867	305	176	353	127	490	740	379	26	72	230	721	59	141	703	414	431	48	88	94	923	488	120	166	286	100	117	141	166	23	210	110	32	29	677	178	18	16	633	277	556
PF3D7_1471000	309	507	188	79	34	54	38	98	164	106	9	48	27	180	8	10	101	75	70	8	12	13	203	47	33	18	20	29	29	18	43	0	34	36	15	4	226	55	16	4	303	18	63
PF3D7_1429200	12	30	8	8	5	4	4	8	2	9	1	11	0	0	2	2	28	30	11	1	0	0	4	0	2	7	5	1	1	5	2	2	2	2	6	1	6	4	6	1	4	9	0
PF3D7_0800100	21	42	31	0	1	8	4	6	17	10	2	6	2	9	1	1	30	28	3	0	0	3	16	0	9	9	2	3	6	0	5	3	17	3	4	7	27	3	3	0	6	0	2
PF3D7_1416400	6	14	5	2	0	7	0	10	4	4	0	2	5	1	0	1	7	3	1	0	0	1	1	6	1	1	0	0	0	1	0	0	1	1	0	0	2	1	1	0	3	1	2
PF3D7_0516200	172	416	59	77	37	43	32	102	109	79	20	89	27	91	8	4	131	75	38	20	20	52	133	37	53	11	112	31	55	22	87	7	108	28	16	11	321	83	16	25	311	31	95
PF3D7_1029600	355	460	92	73	55	103	31	246	193	153	16	61	52	220	7	3	291	155	100	12	17	53	411	77	39	21	143	11	35	70	109	8	74	69	35	14	237	97	45	26	492	76	150
PF3D7_0517100	48	350	43	22	14	24	3	43	20	55	1	4	10	46	6	5	46	48	57	2	4	12	53	27	6	16	22	10	39	6	20	2	33	29	12	3	91	37	16	2	36	14	48
PF3D7_1125200	60	119	26	12	6	0	8	9	22	17	4	26	5	19	4	4	23	14	6	1	4	14	27	2	29	2	6	16	27	2	18	1	36	2	6	8	127	19	3	3	30	2	11
PF3D7_1114800	52	217	38	21	11	6	9	22	31	17	8	13	17	72	6	4	41	93	62	5	2	12	64	12	3	8	11	9	19	9	15	3	7	18	6	5	35	35	20	1	39	9	33
PF3D7_0520800	44	107	31	17	7	8	3	16	18	29	2	24	2	16	0	1	56	37	20	3	9	6	26	8	20	6	9	19	51	10	71	4	40	4	11	4	159	8	15	3	24	12	3
PF3D7_0805600	393	414	95	74	83	399	17	203	135	105	9	72	112	189	17	36	256	279	98	18	41	46	330	137	72	56	200	18	41	55	88	13	92	44	53	23	252	108	14	18	549	114	121
PF3D7_1320900	2	1	2	0	1	0	1	0	5	0	0	0	0	0	0	0	0	0	0	0	0	0	2	0	0	0	0	0	0	0	1	0	0	0	0	0	2	0	0	0	2	0	0
PF3D7_1242600	34	204	28	14	3	8	5	13	12	37	2	9	2	15	2	1	25	16	8	2	7	4	46	10	3	3	6	11	8	2	7	2	12	11	2	5	89	8	6	1	54	8	12
PF3D7_0313500	85	190	26	20	10	9	13	10	24	42	3	17	1	29	3	4	24	25	16	1	7	8	90	6	11	8	9	10	22	5	38	1	44	4	6	2	165	12	4	1	67	5	11
PF3D7_1310700	19	6	4	2	6	50	3	20	16	12	1	2	3	3	4	19	22	78	7	0	0	1	4	5	0	10	11	0	2	2	0	0	0	7	1	0	0	3	2	0	3	14	2
PF3D7_1209900	18	57	1	3	1	3	2	9	13	8	2	5	0	2	4	2	29	33	9	1	2	0	8	0	1	5	2	4	11	3	5	0	6	2	7	1	8	8	11	1	1	8	0
PF3D7_1302400	53	191	73	14	26	22	4	72	57	48	3	11	33	40	9	88	48	78	80	2	0	19	35	46	4	57	16	3	5	15	4	9	3	23	13	3	24	37	20	2	22	19	111
PF3D7_1300100	34	61	6	19	3	10	3	12	9	9	2	13	0	10	3	3	13	17	7	1	2	4	7	2	5	5	4	9	12	6	15	2	33	5	3	3	23	5	3	2	8	3	8
PF3D7_1448000	270	402	170	76	41	149	21	122	169	86	11	53	35	102	14	2	153	118	107	20	29	39	177	54	62	33	100	22	44	43	106	16	85	40	21	20	232	70	25	7	232	33	114
PF3D7_0614200	131	258	92	47	16	23	21	35	43	72	1	27	2	63	7	2	68	87	34	8	2	22	127	13	13	4	34	8	14	8	29	4	17	15	13	1	63	36	9	6	156	17	39
PF3D7_MIT01700	0	0	0	0	0	0	0	0	0	0	0	0	0	0	0	0	0	0	0	0	0	0	0	0	0	0	0	0	0	0	0	0	0	0	0	0	0	0	0	0	0	0	0
PF3D7_1221900	674	498	223	103	73	158	44	298	197	135	17	185	126	204	26	67	214	135	175	12	95	45	276	210	159	105	198	123	116	79	65	9	142	61	15	30	994	63	11	12	215	202	299
PF3D7_0322900	773	2002	182	303	203	238	203	441	447	341	70	255	70	389	42	17	528	462	222	75	132	202	891	198	261	61	280	148	189	84	318	41	591	127	64	52	1410	269	34	50	1352	121	361
PF3D7_0934100	127	145	92	37	15	21	13	29	44	45	3	36	2	60	10	1	67	50	22	8	11	6	49	8	15	12	20	12	18	9	36	0	20	8	10	3	105	17	20	3	41	14	19
PF3D7_0918100	322	481	74	67	31	34	40	97	170	94	7	36	20	147	12	2	85	67	57	1	10	24	405	18	35	5	42	30	34	11	43	0	37	25	8	7	209	37	8	7	319	30	76
PF3D7_1018100	9	13	2	3	1	1	0	7	2	1	0	2	1	1	0	1	6	4	0	0	0	1	1	0	1	5	0	0	0	0	0	0	0	0	0	0	0	1	1	1	2	2	1
PF3D7_1019400	227	848	72	73	29	75	34	150	117	156	18	45	12	121	11	3	87	109	42	5	36	38	281	49	49	12	60	64	61	9	52	6	118	28	11	7	556	57	9	6	347	34	98
PF3D7_1211200	176	177	84	39	27	26	16	84	88	47	3	27	50	108	5	2	87	42	61	6	9	13	121	34	20	21	49	4	21	22	20	4	13	22	7	3	64	27	9	2	84	29	59
PF3D7_0518300	11	158	9	11	8	1	12	9	12	15	10	25	0	10	0	0	15	23	5	0	9	17	46	1	15	4	0	19	20	2	51	5	45	4	6	7	169	10	2	2	87	3	3
PF3D7_1023200	38	85	15	15	1	9	5	8	11	17	1	10	2	10	0	1	21	14	5	1	1	2	32	3	5	2	7	3	3	4	10	3	14	2	2	3	49	4	4	1	52	10	9
PF3D7_1222300	75	219	88	22	10	23	13	57	41	41	12	84	15	41	14	15	62	93	41	6	38	16	45	21	66	20	34	51	54	22	134	28	144	12	18	55	456	51	18	6	41	21	68
PF3D7_0518400	4	30	8	3	0	0	1	0	3	0	0	2	2	4	0	0	3	6	3	0	1	0	2	0	2	2	1	2	9	0	3	4	4	3	3	4	34	4	2	0	14	1	1
PF3D7_1009400	261	191	74	100	43	62	17	97	82	65	11	87	9	102	11	2	170	112	91	20	24	36	91	41	24	15	55	16	34	30	35	0	40	41	17	4	92	34	13	13	131	26	87
PF3D7_0630000	3	4	2	0	0	0	0	2	1	1	2	1	0	0	0	1	4	3	2	1	0	1	0	0	0	0	0	0	1	0	0	0	1	0	0	0	0	1	1	0	0	0	0
PF3D7_1320100	65	193	115	27	15	42	12	46	45	64	8	19	29	58	7	14	41	57	50	6	6	44	51	32	11	24	23	16	34	17	19	6	31	20	20	7	123	53	45	5	70	13	75
PF3D7_1100700	0	0	0	0	0	0	0	0	4	0	0	0	0	0	0	0	0	0	0	0	0	0	0	0	0	0	0	0	0	0	0	0	0	1	0	0	0	0	0	0	0	0	0
PF3D7_1302200	10	29	21	3	2	9	4	4	4	7	0	2	0	5	0	2	14	7	10	0	0	4	3	1	0	4	5	1	3	0	3	2	1	3	6	0	4	1	3	0	8	1	3
PF3D7_1221300	9	23	3	7	0	2	1	2	2	2	0	3	1	2	0	1	18	16	6	0	0	1	3	1	2	2	3	1	1	1	1	0	1	0	2	1	3	5	3	0	4	3	0
PF3D7_0616800	11	40	7	8	3	0	1	5	8	6	0	4	0	0	0	0	15	11	8	1	8	2	6	1	5	5	0	5	12	6	9	0	1	2	6	1	18	7	4	0	16	12	2
PF3D7_1429700	48	93	24	13	6	9	8	16	23	11	5	9	1	49	0	1	28	8	18	2	4	6	40	8	11	3	7	7	13	5	10	1	13	5	5	1	46	11	4	2	36	4	2
PF3D7_1441700	4	9	1	1	0	0	0	0	1	2	0	1	0	1	0	0	2	2	3	2	0	0	2	1	0	1	0	1	1	0	0	0	0	0	1	0	1	0	1	0	3	1	0
PF3D7_0415300	99	127	87	35	7	18	10	43	41	37	4	30	9	43	5	13	73	58	27	3	5	13	36	9	1	14	30	4	5	14	13	1	18	16	21	1	25	21	19	3	38	14	21
PF3D7_0806800	1015	966	492	287	258	470	100	837	579	380	36	193	168	423	51	151	461	683	453	80	66	145	417	427	99	243	479	61	128	159	237	36	339	158	71	50	547	329	41	32	333	162	380
PF3D7_1119300	228	324	121	71	17	34	19	93	148	103	3	14	20	119	8	15	116	128	64	10	14	13	145	50	19	15	54	10	22	12	21	5	13	19	16	3	142	45	12	4	196	31	72
PF3D7_0222900	0	2	1	0	0	0	0	0	0	1	0	0	0	1	0	0	1	7	0	0	2	0	1	0	0	0	2	0	2	0	0	0	1	0	1	0	0	2	0	0	1	1	0
PF3D7_0105800	6	41	3	3	0	0	0	5	0	9	1	0	0	0	0	0	4	11	4	0	0	0	1	7	0	2	3	2	1	2	0	0	1	0	3	2	2	1	4	0	1	0	0
PF3D7_0526600	101	136	23	27	5	21	5	39	28	41	3	21	2	1	4	3	129	198	66	5	3	3	30	1	6	45	25	1	0	11	22	1	35	5	34	3	19	36	63	8	7	29	0
PF3D7_1423800	404	661	187	87	50	64	58	99	188	160	13	41	28	184	12	11	125	70	77	9	19	36	289	55	33	16	46	31	51	35	62	10	102	50	16	7	322	49	13	7	362	34	101
PF3D7_0822100	21	18	5	7	1	0	1	8	5	4	2	3	1	3	1	2	10	8	1	0	0	4	8	1	3	0	4	1	4	1	4	1	2	0	0	0	7	0	1	0	19	3	10
PF3D7_0924100	11	49	17	1	2	6	2	11	7	3	2	1	0	2	1	1	8	8	5	0	2	2	5	1	2	4	4	3	3	0	13	0	5	0	1	2	23	4	8	0	4	6	6
PF3D7_0918400	17	9	14	5	3	8	0	12	6	7	1	7	3	3	3	2	27	27	14	2	2	2	6	1	1	2	8	0	11	5	4	0	0	2	6	0	1	2	6	2	2	6	1
PF3D7_1441000	18	51	10	7	1	20	2	52	37	10	0	3	12	6	2	2	22	27	6	3	3	2	26	19	1	2	4	1	2	2	4	1	5	4	4	1	15	7	2	0	41	8	20
PF3D7_1015100	41	37	23	7	1	15	1	12	24	10	0	0	3	6	1	3	16	18	8	0	0	0	22	13	3	1	8	2	1	1	4	1	2	3	1	1	5	8	2	1	22	6	15
PF3D7_0322400	172	231	88	28	9	10	17	21	75	39	2	11	1	36	3	1	43	22	20	2	25	6	64	2	18	9	6	15	27	7	15	4	25	1	5	10	132	9	11	1	66	14	15
PF3D7_0507500	28	30	11	14	18	54	1	23	32	7	0	5	3	3	10	27	37	206	15	4	0	4	10	2	2	11	7	0	3	7	4	1	4	7	9	3	6	13	12	1	3	8	2
PF3D7_0521100	15	40	11	2	0	4	2	5	7	3	0	6	0	6	0	0	15	12	10	0	0	0	5	1	2	2	5	0	5	2	1	0	0	2	5	0	2	1	4	0	12	2	2
PF3D7_1254400	0	41	14	0	0	0	3	4	36	4	0	4	0	22	0	0	0	10	34	0	1	2	49	0	1	2	3	0	2	2	25	0	0	3	4	0	43	16	10	10	0	10	0
PF3D7_1107400	112	120	316	58	67	160	14	1074	290	193	17	34	36	106	24	111	392	391	745	12	8	87	32	115	2	68	106	44	38	198	40	27	14	193	57	29	75	290	94	12	20	179	523
PF3D7_0810800	9	41	13	4	2	6	0	3	3	11	1	6	1	1	2	1	13	6	12	0	20	2	2	0	24	2	5	2	7	1	20	2	36	1	3	0	116	5	5	0	5	5	1
PF3D7_0830900	2	8	15	1	1	5	3	3	1	1	1	20	1	2	3	0	3	2	1	0	7	1	0	0	11	0	0	2	14	1	13	6	0	1	0	4	65	4	2	0	0	7	1
PF3D7_1438000	470	1052	164	101	56	62	48	136	187	148	12	50	73	238	19	7	182	149	97	21	49	53	376	76	81	32	92	57	58	33	89	8	103	50	20	11	420	83	12	15	337	53	139
PF3D7_0937200	40	104	18	20	10	8	4	14	25	19	0	5	3	4	6	0	61	25	25	5	1	11	37	6	3	9	10	1	3	5	3	0	5	3	5	1	30	12	3	0	35	7	28
PF3D7_0832100	8	6	27	3	0	5	0	4	1	7	1	2	0	2	1	2	18	12	0	0	0	0	3	1	0	1	1	0	3	1	3	1	1	0	3	2	2	2	3	2	2	2	0
PF3D7_1471800	19	107	23	13	7	2	6	14	18	19	2	3	1	20	0	0	6	15	30	4	4	20	38	1	11	2	3	0	4	8	6	3	2	11	4	3	26	37	6	2	38	4	20
PF3D7_1454200	125	142	42	22	23	47	9	57	77	28	2	12	57	62	3	7	93	43	37	7	10	12	107	59	30	13	70	4	22	34	37	5	34	11	6	5	78	38	8	3	104	36	75
PF3D7_1348600	1	4	1	1	0	0	1	5	1	1	0	0	0	0	1	0	2	3	2	0	0	0	1	0	0	3	1	0	0	1	1	0	0	1	0	0	0	0	4	0	0	2	0
PF3D7_1203700	1180	1826	490	297	224	681	110	1219	803	509	27	104	593	684	73	299	1099	1410	568	81	72	136	984	1169	100	447	807	64	93	227	215	35	181	185	58	62	642	506	41	41	1458	687	654
PF3D7_1247300	114	518	54	56	15	29	16	42	71	74	15	35	6	87	14	9	51	57	30	4	19	36	99	4	26	13	24	32	100	10	59	8	67	25	9	8	180	24	11	9	145	39	19
PF3D7_1113100	267	349	101	69	37	83	16	166	151	102	4	69	104	132	13	38	184	112	73	13	16	17	238	99	44	31	100	27	56	45	60	4	45	26	10	3	142	61	15	9	300	54	131
PF3D7_0928800	7	12	0	3	1	2	1	3	1	4	1	4	0	0	0	1	12	10	2	0	0	0	4	2	6	2	0	2	5	1	1	0	4	1	4	0	6	7	6	2	2	2	1
PF3D7_0601300	0	0	0	0	0	0	0	0	0	0	0	0	0	0	0	0	0	1	0	0	0	0	0	0	0	0	0	0	0	0	0	0	0	0	0	0	0	0	0	0	0	0	0
PF3D7_1033200	13	19	8	36	21	29	5	36	6	7	15	221	4	7	7	2	27	14	5	2	88	15	23	1	129	3	8	66	21	11	104	33	8	11	3	39	567	17	6	4	37	45	4
PF3D7_0702500	50	124	128	115	95	113	25	685	36	70	69	779	48	80	11	6	181	72	179	39	394	102	192	99	551	29	405	338	205	73	359	74	485	85	16	122	3300	299	17	18	299	241	594
PF3D7_1362200	140	141	39	52	16	15	15	34	38	42	4	48	0	44	6	4	60	71	24	5	13	18	46	5	11	9	22	5	40	12	43	10	71	16	12	11	105	28	12	9	42	10	22
PF3D7_MIT00500	24	18	1	28	3	4	1	10	8	11	0	4	0	0	2	4	24	106	26	2	0	0	3	0	0	6	5	2	0	5	3	1	1	0	3	1	3	9	7	1	0	3	0
PF3D7_1113300	61	71	35	7	9	23	4	36	30	26	1	22	19	79	5	8	42	26	30	3	2	12	38	14	6	8	24	2	6	11	6	2	8	10	5	4	45	17	18	3	32	16	20
PF3D7_1138500	404	301	268	86	86	199	38	339	376	141	10	58	114	217	21	88	331	268	213	15	37	45	242	200	38	79	202	21	35	66	45	12	56	47	30	27	195	102	20	9	188	155	235
PF3D7_1421900	7	8	5	5	0	4	0	10	7	6	1	1	0	1	3	5	6	21	7	1	1	1	5	0	0	4	2	1	0	2	0	0	2	0	6	0	10	6	0	1	0	3	1
PF3D7_1421200	228	477	105	51	42	160	28	151	148	128	13	45	34	177	4	23	119	55	84	7	18	23	166	120	25	18	67	29	37	10	46	4	53	56	19	3	275	55	43	8	176	35	65
PF3D7_1443800	89	258	20	30	18	30	16	34	40	30	5	16	0	43	9	0	44	31	13	1	25	17	131	2	18	1	25	12	17	5	44	4	55	8	5	4	174	13	7	4	99	11	11
PF3D7_0100200	3	265	4	2	1	0	1	0	1	2	0	3	0	0	0	2	7	9	6	0	0	6	4	0	0	1	4	1	6	1	11	0	0	12	1	0	2	4	1	0	17	0	48
PF3D7_0406000	36	62	18	12	1	4	2	9	21	11	0	10	0	9	2	2	28	32	7	1	3	3	18	3	2	4	2	2	5	1	7	0	8	1	2	1	36	10	2	0	39	3	12
PF3D7_1408300	0	1	0	0	0	0	0	0	0	0	0	0	0	0	0	0	1	0	0	0	0	0	1	0	0	0	0	0	2	0	2	0	0	0	0	0	0	0	0	0	0	0	0
PF3D7_0816300	32	143	13	5	2	7	9	11	11	9	1	8	0	8	1	0	22	18	13	3	2	2	17	0	6	8	5	3	11	4	13	1	2	1	11	2	12	9	8	0	30	6	0
PF3D7_1352200	85	75	45	13	12	26	7	39	45	26	0	16	32	51	2	6	37	20	16	1	3	10	71	23	12	8	43	8	15	9	20	1	21	8	1	1	57	23	8	1	79	11	29
PF3D7_1122100	1	17	1	2	0	0	0	2	0	1	0	0	0	1	0	0	3	3	1	0	0	0	0	1	0	1	0	1	1	0	0	0	0	0	1	0	0	0	0	0	0	0	0
PF3D7_1320200	17	19	8	6	3	11	2	9	11	7	0	1	2	3	2	0	23	12	6	0	0	1	6	2	1	12	7	0	0	5	1	0	0	2	8	2	2	4	11	1	0	12	1
PF3D7_0508200	5	4	16	2	0	2	0	1	3	5	1	0	0	0	3	1	15	13	3	0	1	0	1	0	0	2	2	0	3	1	1	0	0	0	4	2	3	2	5	0	0	1	0
PF3D7_1121600	1026	1366	233	146	209	503	87	874	523	344	39	254	365	526	48	225	646	526	252	28	92	127	712	671	189	318	475	102	180	186	259	31	222	110	51	52	1074	228	50	34	1494	515	382
PF3D7_1231400	23	41	5	8	5	10	2	8	11	7	0	4	0	0	2	0	27	17	12	2	0	0	9	0	1	5	11	0	1	3	2	1	1	1	9	0	2	9	8	1	3	6	3
PF3D7_1216500	5	5	0	0	0	5	1	1	3	3	0	2	0	2	1	0	7	6	9	0	3	0	5	0	0	0	1	0	3	1	2	0	0	0	0	0	1	3	1	0	7	0	0
PF3D7_0532100	13338	19857	1636	4464	4772	4877	1837	7314	6888	8854	977	4831	431	7821	842	158	4269	6607	4848	691	2746	3367	10944	2186	3284	667	2474	2259	4272	1197	3241	493	6435	2554	1917	758	18530	4081	811	920	5963	1505	2904
PF3D7_1412500	188	234	114	48	31	58	21	110	83	64	16	88	4	233	18	0	164	79	81	12	41	51	48	12	62	7	17	42	79	19	105	14	86	31	25	16	407	52	48	11	53	15	20
PF3D7_1322000	19	43	7	2	2	9	2	10	7	15	1	1	4	16	6	8	21	13	13	1	1	1	5	2	0	13	3	0	3	3	1	0	4	4	3	0	1	7	15	1	5	5	6
PF3D7_1002900	3	45	4	5	4	7	4	17	10	3	0	2	2	7	0	0	2	4	2	0	0	2	11	6	2	1	3	0	0	0	7	1	6	3	0	1	15	7	0	1	28	1	13
PF3D7_1001200	2	5	1	0	0	3	0	4	0	4	0	0	5	5	0	2	1	6	3	0	1	0	4	3	0	3	1	0	0	2	0	0	0	0	1	0	2	1	1	0	0	5	1
PF3D7_1308100	23	25	19	3	3	13	1	20	17	6	0	1	5	25	2	0	12	19	17	0	0	3	6	0	1	4	6	4	9	1	6	0	1	9	2	0	15	5	4	1	3	5	2
PF3D7_0806300	48	49	25	7	1	15	2	20	9	12	0	14	1	1	1	7	68	79	23	4	2	1	16	0	3	10	6	0	1	4	4	1	3	1	15	1	3	17	13	1	2	13	0
PF3D7_1249300	131	240	35	43	20	26	17	38	58	71	3	17	8	57	5	2	62	64	28	3	11	14	138	11	13	5	26	11	16	10	35	3	54	6	11	4	104	24	9	5	70	24	27
PF3D7_1027000	13	22	8	1	4	7	1	8	6	11	1	4	1	6	1	0	16	12	13	0	0	0	5	0	1	6	4	0	1	0	1	0	2	0	3	1	45	10	6	0	0	6	1
PF3D7_0816000	169	215	59	46	36	66	18	108	110	62	11	21	18	79	9	9	119	106	33	4	22	22	208	51	20	23	78	11	18	9	69	6	35	17	10	12	98	59	8	12	275	45	77
PF3D7_0318700	7	0	1	1	2	3	0	5	1	1	0	1	1	3	0	1	3	5	0	1	0	0	1	2	0	0	1	0	0	0	0	0	1	2	4	0	0	1	2	0	0	1	0
PF3D7_0910600	3	14	1	0	1	0	1	1	0	0	0	4	0	0	2	0	2	1	0	0	0	0	7	0	1	0	0	0	0	0	2	0	1	0	1	0	6	1	2	0	5	4	0
PF3D7_0104500	24	39	12	9	2	8	3	3	7	9	1	1	1	3	0	0	6	5	6	0	4	0	24	1	2	0	2	2	5	2	4	1	5	0	0	1	8	4	9	0	20	5	2
PF3D7_1249600	19	23	25	14	2	24	3	8	1	10	1	7	0	0	3	1	16	21	7	0	0	1	10	1	2	8	6	1	1	2	5	2	3	1	8	2	13	9	8	1	13	8	0
PF3D7_0727800	123	597	176	66	28	28	37	69	97	142	12	102	15	175	24	18	91	106	159	6	29	48	140	40	41	28	22	33	109	11	95	5	111	42	31	16	405	66	22	3	161	26	113
PF3D7_0504700	9	15	1	5	3	5	1	2	7	4	0	3	0	0	2	0	25	14	9	0	0	1	2	0	0	4	1	0	1	2	0	1	4	0	5	1	2	6	4	1	5	10	0
PF3D7_0402200	45	68	37	41	26	60	4	186	31	12	0	13	6	18	4	2	78	74	135	5	3	11	25	26	3	71	141	1	1	56	0	10	6	35	16	16	6	110	46	4	12	151	392
PF3D7_0305200	212	306	100	31	15	50	15	76	110	76	6	18	22	106	14	8	76	102	50	6	10	17	188	40	28	18	44	13	19	11	23	1	27	17	9	5	87	30	26	3	70	38	51
PF3D7_0607100	4	30	0	0	0	1	28	2	3	0	0	0	3	0	0	0	4	1	1	0	0	1	0	1	0	0	0	0	0	1	0	0	0	0	1	0	0	3	0	0	9	1	0
PF3D7_1338100	43	412	57	42	16	8	33	9	24	61	9	56	2	41	7	5	35	39	9	2	12	14	85	11	46	5	10	28	68	6	72	8	110	2	14	12	311	28	18	0	155	13	10
PF3D7_0502800	31	51	9	5	1	9	0	7	13	2	0	1	0	9	2	0	9	5	3	0	0	1	28	0	2	1	3	2	1	0	5	1	4	0	0	1	21	5	0	1	26	0	3
PF3D7_0705900	6	19	5	0	2	2	4	6	8	7	1	2	3	4	0	1	10	14	8	1	0	2	5	1	2	3	4	1	3	2	1	0	2	2	1	0	10	2	3	0	8	3	2
PF3D7_1407200	6	16	5	2	1	4	0	1	7	3	0	2	2	5	0	2	5	3	2	0	2	0	10	4	4	4	2	1	3	0	1	0	1	0	1	1	13	1	0	0	5	3	2
PF3D7_0524900	82	118	47	27	14	29	10	49	46	45	10	27	12	42	5	2	75	76	43	3	6	19	67	18	14	5	24	13	28	9	32	12	21	9	10	5	96	14	15	1	74	13	33
PF3D7_1216400	431	391	63	115	71	91	48	246	234	136	12	64	86	270	19	24	209	214	160	21	21	51	352	156	58	57	161	20	46	79	92	7	92	55	32	8	229	108	25	12	374	63	234
PF3D7_1132400	13	13	8	3	0	3	0	4	3	3	0	8	0	5	0	1	14	16	6	2	3	1	0	1	6	6	2	1	3	2	10	1	12	0	4	3	66	4	9	0	1	8	0
PF3D7_0308700	11	15	11	5	3	8	1	10	5	5	1	1	1	9	2	0	11	25	7	1	1	0	2	2	0	2	2	0	3	1	2	0	2	2	9	0	1	4	0	1	2	6	1
PF3D7_1241200	134	124	42	17	9	19	11	44	50	33	2	24	12	48	3	2	55	25	29	4	11	9	72	14	23	8	23	10	15	12	37	4	27	7	7	3	75	17	13	1	64	14	32
PF3D7_0611100	3	4	3	0	0	0	0	1	1	1	0	1	0	0	0	0	4	0	0	0	0	0	0	1	0	0	0	0	0	0	0	0	0	0	0	0	0	1	0	0	1	1	0
PF3D7_1332000	12	17	18	6	1	4	2	8	10	4	2	4	1	9	1	3	12	10	7	0	1	1	6	0	3	1	3	2	3	5	8	2	5	2	1	4	14	5	3	0	7	2	9
PF3D7_1124400	95	147	29	35	13	46	8	81	56	36	5	8	7	53	8	0	69	62	24	7	13	18	130	47	11	4	36	10	18	15	29	4	22	9	9	2	71	27	4	9	139	21	53
PF3D7_0531200	1	0	0	0	0	2	0	0	0	0	0	0	0	0	0	0	4	0	0	0	0	0	0	0	1	0	1	0	0	1	0	0	1	0	0	0	0	0	2	0	0	0	0
PF3D7_0928000	6	11	0	2	1	3	1	1	2	3	0	1	0	1	1	0	3	1	0	1	1	0	0	0	1	0	0	0	3	0	0	0	4	0	0	1	18	1	4	1	1	0	0
PF3D7_0804300	27	25	16	9	7	25	5	25	25	9	2	7	14	13	3	5	24	36	25	2	2	6	20	11	3	7	14	0	0	6	7	0	7	4	5	0	6	13	8	3	10	16	18
PF3D7_0617300	2	4	2	1	0	0	0	0	1	0	0	0	0	0	0	0	1	0	1	0	0	0	2	0	0	0	0	0	0	0	2	0	0	0	0	0	1	0	0	0	0	0	0
PF3D7_0526800	44	136	13	10	4	2	10	6	25	16	1	12	0	12	1	1	24	3	5	2	12	20	25	1	25	2	5	16	7	4	21	2	52	1	3	4	144	3	0	1	43	3	6
PF3D7_1445600	204	279	84	36	48	105	11	177	169	66	4	42	71	117	12	29	134	137	128	13	13	30	209	127	31	58	143	15	26	50	30	3	40	30	10	5	165	66	15	3	219	60	137
PF3D7_0424700	152	107	358	52	27	144	18	114	84	26	8	141	31	53	11	62	163	135	80	12	101	26	41	32	94	48	60	48	99	15	59	17	123	18	34	32	367	49	39	3	49	46	45
PF3D7_1131000	0	2	1	0	0	1	0	0	1	0	0	0	0	0	1	1	1	0	0	2	0	1	0	0	1	0	0	0	0	0	1	0	0	0	0	0	3	1	1	0	0	0	0
PF3D7_0632700	81	8	5	1	6	1	1	9	25	6	0	5	4	21	0	2	2	0	8	4	0	0	20	5	4	0	7	3	5	6	5	1	4	1	10	3	15	11	1	2	3	1	0
PF3D7_1461800	19	19	16	4	3	8	3	16	14	7	0	8	2	6	4	5	25	21	10	4	0	1	7	1	2	7	7	1	0	4	2	1	5	0	2	1	1	11	14	0	1	4	12
PF3D7_1208800	368	418	133	92	71	221	24	335	225	118	10	48	112	247	24	33	253	234	161	24	28	45	365	228	54	102	263	16	40	93	130	17	85	46	37	18	278	134	23	18	366	123	208
PF3D7_1442200	27	15	13	6	0	11	0	12	4	7	1	5	3	6	1	2	31	22	8	2	2	0	6	6	2	7	14	0	2	6	3	0	4	2	6	0	5	4	13	3	4	10	2
PF3D7_1349400	217	862	166	107	39	69	33	55	170	246	21	28	4	164	27	1	70	108	118	12	24	73	323	25	15	16	41	23	115	11	75	7	84	70	18	20	250	128	15	6	337	22	88
PF3D7_1039900	0	1	1	1	0	0	0	1	0	0	0	1	0	3	0	0	0	0	0	0	0	0	1	0	0	0	1	0	0	0	0	0	1	0	0	0	0	0	0	0	0	0	0
PF3D7_1018600	212	468	159	74	46	72	37	162	181	99	8	46	41	118	14	40	183	137	144	20	13	52	183	86	34	47	57	18	33	32	23	4	47	29	25	5	92	74	21	6	151	52	99
PF3D7_0111700	0	1	1	1	0	0	0	0	0	0	0	0	0	0	0	0	0	0	0	0	0	0	0	0	0	0	0	0	0	0	0	0	0	0	0	0	0	0	0	0	0	1	0
PF3D7_API06700	14	18	6	2	5	29	2	40	4	8	2	2	8	8	0	1	19	12	2	1	2	7	9	14	0	3	7	0	3	3	2	0	1	2	0	0	7	15	0	1	10	3	13
PF3D7_0727900	800	705	232	175	82	231	59	364	387	195	14	95	72	475	30	25	316	189	224	27	42	51	457	128	74	44	131	48	87	58	141	16	140	68	34	15	366	97	28	19	440	73	221
PF3D7_1002700	30	67	20	8	0	1	5	4	8	7	0	4	0	2	2	0	22	3	8	3	5	2	11	0	12	0	5	5	24	3	24	1	29	2	2	1	53	2	7	0	35	3	2
PF3D7_1124600	13	22	11	3	3	16	4	18	12	11	1	6	5	3	8	6	33	47	7	0	1	1	6	1	6	4	5	0	6	3	9	2	32	6	3	4	24	14	8	1	12	8	2
PF3D7_0701900	1033	402	595	272	130	378	33	282	813	228	2	16	118	262	59	1082	1321	520	452	9	45	28	268	431	12	179	124	6	14	182	13	4	6	88	38	16	12	109	20	8	174	510	481
PF3D7_1424700	0	1	0	0	0	0	0	0	0	0	0	0	0	0	0	0	1	0	0	0	0	0	0	0	0	0	0	0	0	0	1	0	0	0	0	0	0	0	0	0	1	0	0
PF3D7_0903700	19	21	8	2	1	5	1	10	5	10	2	6	0	1	1	2	15	23	11	4	0	2	5	1	1	1	4	0	3	3	4	0	4	2	6	2	3	5	9	0	1	1	0
PF3D7_0417600	16	47	2	7	0	7	2	6	7	6	0	8	1	0	1	0	28	31	12	2	0	2	6	1	0	8	4	0	0	1	0	0	2	1	3	0	2	8	12	0	3	7	0
PF3D7_1418100	38	70	24	21	2	8	4	14	14	10	2	5	0	6	5	3	34	32	15	4	1	3	10	0	2	8	7	1	19	8	8	1	5	3	13	2	19	11	12	1	9	11	2
PF3D7_0628100	245	255	394	57	65	109	13	132	123	85	10	62	5	5	56	37	314	505	146	23	7	20	45	8	7	64	41	2	44	41	41	5	35	10	65	10	8	54	123	9	15	97	8
PF3D7_1309300	743	1168	386	236	140	205	69	382	390	306	19	55	24	342	30	54	312	488	296	29	52	77	610	88	74	76	252	44	98	50	113	13	123	84	40	15	523	134	12	13	630	107	313
PF3D7_0900700	36	247	44	0	7	2	0	3	2	0	0	3	2	7	1	0	20	25	10	1	3	3	1	2	0	3	0	2	3	5	1	0	0	7	3	0	9	1	0	0	4	3	263
PF3D7_0710400	8	43	3	3	0	1	1	5	7	3	0	14	0	4	0	0	9	2	3	2	2	3	7	1	8	1	1	4	3	0	9	2	10	3	3	0	38	0	2	0	26	2	0
PF3D7_1474400	38	114	22	6	5	11	2	13	10	13	1	13	1	43	7	0	42	25	12	2	0	3	24	5	8	10	17	4	6	7	11	0	5	1	6	1	27	20	12	1	15	9	12
PF3D7_1451200	805	847	782	287	288	1855	127	1538	980	311	20	101	213	495	50	302	686	892	714	41	53	152	462	557	53	265	596	46	49	171	74	22	208	137	91	25	217	254	74	45	232	456	487
PF3D7_1455200	3	8	10	2	2	2	1	3	5	1	0	1	0	1	0	1	5	9	6	0	0	0	3	2	0	4	0	2	1	2	1	0	0	2	1	0	3	5	2	1	1	2	2
PF3D7_1139500	3	9	1	1	2	1	0	5	0	2	0	2	1	0	0	1	7	11	6	0	0	0	5	0	0	1	0	0	0	3	0	1	1	0	1	2	0	5	2	0	0	5	0
PF3D7_0703300	1	1	17	1	0	3	2	5	2	0	1	1	0	0	0	0	4	0	4	0	0	1	0	0	0	1	2	1	4	1	10	0	2	0	0	0	7	0	0	0	1	0	0
PF3D7_1411500	100	68	49	8	6	22	3	36	41	12	2	6	16	31	0	7	40	20	26	2	4	0	60	20	7	4	16	2	9	9	15	1	10	4	4	1	38	5	1	0	57	7	30
PF3D7_1232500	40	81	42	9	11	12	6	23	30	22	4	3	14	38	7	10	33	65	37	2	1	9	24	8	0	10	12	1	20	6	10	0	3	7	4	1	24	18	19	2	21	9	17
PF3D7_0214600	36	37	7	4	11	37	0	27	19	15	0	9	2	0	6	10	35	87	21	2	1	1	12	3	0	10	10	1	9	6	4	1	4	4	5	2	3	16	19	3	4	10	0
PF3D7_1217400	34	26	40	9	5	21	3	21	10	14	0	7	2	45	7	2	19	44	28	0	0	9	6	3	3	9	10	2	4	3	4	0	3	3	6	2	14	14	16	5	2	3	2
PF3D7_1213500	10	38	20	5	2	17	0	2	2	11	2	1	1	4	4	1	17	12	6	0	1	4	9	0	0	5	0	2	13	0	4	2	6	5	4	0	13	6	6	1	11	1	0
PF3D7_1229900	2	22	2	3	1	1	0	1	3	4	2	2	0	0	0	0	2	9	1	0	1	2	8	0	1	0	1	1	2	1	1	0	1	0	1	0	9	2	1	0	4	1	1
PF3D7_0913400	19	510	22	5	10	5	4	8	26	68	3	8	0	12	4	0	25	16	15	2	5	21	46	3	5	3	1	25	78	1	16	1	40	3	5	5	137	17	8	4	62	11	15
PF3D7_0527800	0	1	0	0	0	0	0	0	0	0	0	1	0	0	0	0	0	0	0	0	0	0	0	0	0	0	0	0	0	0	0	0	0	0	0	0	0	0	1	0	0	1	0
PF3D7_0107900	1	2	2	0	0	0	0	0	0	1	0	2	0	0	0	1	2	3	3	0	2	3	0	0	0	0	0	0	1	1	3	1	1	0	3	0	4	0	1	0	0	1	0
PF3D7_1439200	30	71	5	21	7	5	2	14	21	24	1	7	3	16	2	1	27	17	16	3	4	14	50	5	2	5	4	3	5	0	15	2	17	5	4	0	30	8	3	3	40	4	3
PF3D7_0934300	0	1	3	1	0	1	0	1	0	0	0	1	0	0	0	0	4	2	0	0	0	2	0	0	1	1	0	0	1	0	2	4	0	1	0	0	1	0	1	0	0	0	0
PF3D7_1470950	9	12	3	4	2	3	1	5	1	4	0	3	0	1	0	0	5	6	5	0	1	2	6	1	0	1	1	0	1	0	0	0	1	3	4	0	4	2	0	0	6	1	1
PF3D7_0203200	96	217	26	33	12	18	9	30	47	37	2	11	5	27	6	2	55	24	23	4	9	8	89	6	11	1	15	6	15	5	12	3	16	6	5	1	65	12	3	2	104	9	40
PF3D7_1109700	3	2	1	0	0	2	0	0	0	0	0	0	0	0	0	0	1	0	0	0	0	0	1	0	0	0	0	0	0	0	0	0	0	0	0	0	0	0	0	1	0	0	0
PF3D7_0616100	3	9	3	2	0	0	2	1	1	1	0	1	0	0	0	0	3	1	0	0	0	0	5	0	0	0	0	2	1	0	0	0	2	0	1	0	5	1	1	0	3	1	0
PF3D7_0805000	80	370	55	23	15	16	8	49	35	76	6	16	29	67	14	25	57	146	92	3	13	18	58	48	8	23	17	14	34	25	17	3	20	33	16	6	86	27	16	0	73	37	45
PF3D7_1465200	72	198	22	16	5	17	10	32	30	32	3	18	2	36	0	1	44	23	15	5	2	4	87	6	8	4	17	6	16	6	26	1	20	6	6	2	65	14	1	3	67	7	14
PF3D7_1027100	109	88	69	15	7	20	9	46	51	25	1	6	26	30	1	9	58	31	31	4	10	6	57	36	15	19	23	7	6	10	8	1	7	5	6	2	73	8	5	1	51	38	37
PF3D7_0514900	100	190	33	32	19	33	9	46	41	42	9	24	6	70	5	0	67	51	31	5	8	22	94	15	12	9	35	11	29	9	31	3	38	11	3	4	119	45	9	4	89	11	38
PF3D7_1408700	1424	1422	793	400	195	245	152	579	830	515	45	198	122	825	57	31	533	430	377	42	77	171	787	180	129	87	322	77	163	124	322	24	380	167	62	35	845	280	57	45	605	186	439
PF3D7_1142500	118	208	34	40	23	27	17	77	53	42	11	38	8	71	4	4	67	67	41	18	22	36	118	37	32	11	76	30	31	20	54	3	134	22	13	13	291	49	11	10	111	26	64
PF3D7_1121800	28	36	11	12	1	5	1	7	5	6	0	6	0	2	1	0	17	23	8	0	3	1	10	1	1	6	6	1	3	2	3	0	1	1	5	0	0	1	6	2	7	6	0
PF3D7_1245000	24	179	51	4	7	37	4	11	12	46	2	5	2	6	3	0	11	15	4	0	3	6	36	2	7	2	2	6	17	0	7	4	2	10	0	6	30	17	8	2	35	2	8
PF3D7_1203600	17	42	4	5	1	13	1	16	9	5	2	5	11	15	3	5	8	17	15	0	0	2	12	15	3	6	12	0	5	9	1	3	0	6	3	0	12	13	8	0	16	6	13
PF3D7_1135900	7	26	6	5	0	1	3	3	1	4	0	1	0	7	1	0	6	1	1	0	1	1	10	1	1	2	1	3	2	1	6	4	8	3	0	1	33	0	0	0	31	0	1
PF3D7_0609500	8	11	7	2	1	7	1	3	5	3	0	1	0	2	1	0	13	8	5	0	0	0	2	0	0	3	2	1	2	1	2	0	0	0	2	0	0	4	3	0	1	0	1
PF3D7_0415700	4	0	1	0	0	4	0	1	3	0	0	0	0	0	0	0	1	0	2	0	0	0	0	0	0	3	0	1	0	0	0	0	1	0	1	0	1	1	2	0	6	1	0
PF3D7_0105000	14	25	8	1	1	9	3	10	11	8	0	3	1	5	0	1	10	1	3	0	1	1	5	6	4	2	3	1	1	4	4	0	4	4	0	0	23	3	3	0	20	3	5
PF3D7_1316800	28	43	24	8	2	3	2	5	11	7	0	12	0	11	2	0	20	13	7	0	1	1	13	0	2	0	4	4	5	0	6	0	2	2	0	0	14	3	3	1	15	1	3
PF3D7_0928400	758	2109	797	238	81	108	139	206	377	672	91	128	16	592	43	16	248	256	127	33	74	211	703	78	116	18	81	115	401	44	220	50	224	127	36	72	1503	225	72	18	812	38	209
PF3D7_0717500	34	45	14	11	5	7	2	16	17	12	2	5	0	12	2	1	27	31	16	0	0	0	13	0	3	9	6	2	5	2	3	2	12	2	5	1	26	2	6	0	7	5	2
PF3D7_1369300	277	1453	225	117	31	20	58	55	132	355	23	54	7	202	18	6	59	67	57	13	35	68	253	6	51	15	16	111	304	14	134	18	188	58	13	23	701	58	17	6	208	13	68
PF3D7_MIT03100	3	2	0	3	0	1	2	2	2	0	0	0	0	0	0	1	3	9	3	0	0	0	1	0	1	1	0	0	0	3	0	0	0	0	0	0	0	0	1	0	0	0	0
PF3D7_1031900	13	12	2	4	1	2	2	3	2	5	0	1	0	0	3	0	9	13	2	0	0	1	1	1	1	2	2	0	0	1	1	0	2	1	3	1	2	2	3	2	0	2	0
PF3D7_0529200	3	6	2	1	0	1	0	2	2	3	2	4	0	0	0	0	5	4	3	0	4	3	0	0	1	1	0	0	1	2	3	0	3	0	3	0	11	7	2	0	5	0	0
PF3D7_1405100	11	43	22	7	1	9	1	9	5	3	0	9	4	7	3	1	13	12	5	0	1	4	22	1	9	6	2	1	6	2	8	1	18	1	4	2	32	4	9	2	25	6	6
PF3D7_1134700	381	253	138	102	82	177	38	274	218	104	13	101	70	170	19	19	229	153	125	24	38	60	210	97	56	40	229	35	34	43	87	11	78	44	33	17	258	100	22	15	148	76	213
PF3D7_1442100	2	7	2	0	0	2	0	1	0	0	0	0	0	1	0	0	2	0	1	0	0	1	0	0	1	1	0	1	1	0	2	0	3	0	0	0	6	0	1	0	0	0	0
PF3D7_1350000	3	3	3	2	0	2	0	2	2	0	0	0	0	2	0	0	3	2	3	0	0	0	1	0	0	0	1	0	0	0	0	0	1	2	3	0	0	1	3	0	1	1	0
PF3D7_1142700	129	336	87	15	15	12	16	22	63	63	10	18	5	57	7	9	36	75	41	5	8	21	143	16	14	11	18	12	28	7	22	3	30	18	3	13	102	52	11	2	174	14	45
PF3D7_1111600	58	30	36	20	8	16	2	28	25	16	1	13	1	87	3	0	32	25	40	5	2	8	15	0	1	8	6	1	15	2	8	1	0	10	12	0	8	17	15	2	6	8	7
PF3D7_1012800	578	1376	519	123	111	280	40	308	421	471	47	95	157	426	53	249	234	573	346	38	45	128	429	267	90	154	165	104	215	78	101	32	163	241	75	57	584	210	76	26	728	112	206
PF3D7_0409500	4	26	7	1	2	3	0	2	0	0	0	4	0	2	0	0	7	4	1	0	0	0	1	0	0	1	2	0	1	1	1	0	4	0	0	0	0	3	2	0	1	1	0
PF3D7_0218500	24	63	13	12	2	9	2	27	19	10	1	7	6	16	2	1	23	27	8	1	4	3	39	12	5	6	13	4	4	4	4	0	9	8	1	2	31	6	2	1	32	10	17
PF3D7_0720900	1	14	0	1	0	0	0	2	1	0	2	0	0	4	0	0	2	0	1	0	0	0	3	0	1	1	0	2	0	0	0	2	2	0	0	0	2	0	1	0	3	0	0
PF3D7_1308200	997	1106	343	262	152	327	85	532	593	299	31	161	214	541	34	64	521	354	325	42	81	112	650	317	152	116	398	74	126	129	240	33	332	99	60	51	698	260	26	29	575	190	420
PF3D7_1302000	2082	2171	652	441	202	392	246	1553	1361	514	69	623	308	1939	44	307	1387	1136	658	110	121	252	2229	836	227	290	808	188	266	242	319	36	442	330	120	32	1410	609	56	78	1328	688	1981
PF3D7_0222200	1	0	0	0	0	0	0	0	0	0	0	0	2	0	0	0	1	1	0	0	0	0	0	0	0	0	0	1	0	0	1	0	0	0	0	0	0	0	0	1	0	0	0
PF3D7_1241800	365	436	194	106	49	102	27	130	177	140	4	52	41	155	15	15	172	114	132	18	21	21	234	116	39	32	98	31	31	23	43	6	49	33	11	7	172	54	15	6	141	58	150
PF3D7_1032600	4	12	10	0	1	3	0	0	0	1	0	1	0	2	0	0	1	2	0	0	0	1	5	0	0	1	1	1	1	0	0	0	0	1	0	0	2	1	1	0	3	0	0
PF3D7_1025600	0	0	0	1	0	0	0	0	0	0	0	0	0	0	0	0	0	1	0	0	0	0	0	0	0	0	0	0	0	0	0	0	0	0	0	0	0	0	0	0	1	0	0
PF3D7_1219700	15	42	20	5	2	0	1	5	6	8	1	3	0	9	1	0	8	10	11	1	1	4	13	0	0	4	2	3	16	7	4	3	3	2	11	1	15	4	9	0	10	3	9
PF3D7_0531500	1	1	0	0	0	1	0	1	1	0	0	1	0	1	0	0	0	0	0	0	0	0	1	0	0	0	0	0	0	0	0	0	0	0	0	0	2	0	2	0	1	0	1
PF3D7_1039000	139	58	53	23	4	18	6	31	26	11	7	40	1	37	1	3	35	19	17	2	24	3	17	6	44	4	13	10	15	6	23	1	56	3	4	4	164	15	6	0	12	17	21
PF3D7_1364400	514	355	189	127	56	34	32	165	259	112	6	53	43	222	9	16	183	139	136	12	38	33	254	89	56	30	137	34	39	36	72	10	84	24	25	14	267	82	23	5	184	81	170
PF3D7_0323700	108	106	74	18	9	21	3	46	47	17	0	5	25	33	8	9	53	34	31	2	10	6	55	33	10	7	30	5	11	11	9	0	20	4	3	1	48	7	6	1	35	30	27
PF3D7_1337600	0	0	0	0	0	0	0	0	0	0	0	0	0	0	0	0	0	0	0	0	0	0	0	0	0	1	0	0	0	0	0	0	0	0	0	0	0	0	0	1	0	0	0
PF3D7_0208600	11	34	4	8	1	0	0	7	3	2	0	6	0	1	2	1	13	24	10	5	1	0	3	0	3	5	4	3	2	4	1	0	0	0	2	1	7	4	4	1	2	4	0
PF3D7_1027600	79	111	56	20	10	87	3	34	24	13	4	9	6	24	4	2	41	33	56	1	6	11	22	17	3	14	9	5	20	7	9	2	6	14	16	1	30	9	20	2	41	15	3
PF3D7_0928150	2	86	1	4	0	1	2	0	3	9	0	1	0	4	1	0	3	1	5	0	0	1	8	1	1	0	0	5	4	0	2	1	8	0	0	0	11	3	1	0	2	0	12
PF3D7_0713100	3	6	2	1	0	0	1	2	0	0	0	0	0	7	0	0	0	2	2	0	0	0	6	0	2	0	0	2	3	0	0	0	0	2	1	0	2	0	0	0	4	1	0
PF3D7_0908000	12	27	5	5	3	5	1	9	8	2	1	15	3	0	1	1	10	17	5	0	20	4	9	0	23	1	2	21	10	1	34	3	99	0	6	14	173	4	5	1	21	7	0
PF3D7_1203900	428	522	79	136	159	208	38	415	248	183	43	136	136	213	38	74	370	457	245	44	33	65	408	397	64	159	270	46	64	167	96	21	106	128	59	17	311	217	61	34	554	208	313
PF3D7_0618800	45	279	32	23	1	7	20	11	19	32	4	5	0	23	2	1	16	17	5	6	6	8	52	2	3	4	3	10	8	1	7	4	23	6	3	6	32	12	8	1	87	5	6
PF3D7_1254600	0	0	0	2	0	0	1	1	2	4	0	1	0	0	0	1	6	1	0	0	0	0	0	0	0	0	2	0	0	0	0	0	0	0	0	0	0	0	0	0	0	1	0
PF3D7_0210900	594	844	207	110	91	157	54	369	338	215	14	73	126	258	17	68	301	262	195	30	34	45	477	262	60	94	226	22	45	84	82	8	103	67	38	12	307	119	32	19	530	154	285
PF3D7_1224400	71	115	34	9	8	35	2	46	31	34	1	4	19	22	5	2	21	40	25	2	6	7	58	39	10	6	31	5	6	7	15	1	18	9	1	3	46	18	3	2	54	14	26
PF3D7_1369700	24	40	11	0	4	15	0	24	25	13	0	3	7	14	1	3	23	4	8	3	1	4	37	8	4	1	10	0	2	1	3	0	2	2	3	1	19	5	0	0	31	9	4
PF3D7_0306200	13	199	13	2	1	0	4	2	5	11	0	3	1	4	1	0	27	3	2	2	4	16	60	0	21	0	0	13	12	0	13	3	11	0	2	3	83	3	1	0	69	3	7
PF3D7_1239500	9	12	2	3	0	6	0	10	6	5	1	7	0	0	1	3	23	23	2	1	0	0	2	0	0	2	3	0	0	1	0	0	7	0	7	0	4	4	10	1	0	7	1
PF3D7_1478800	27	51	16	5	6	11	3	19	9	7	0	5	21	23	2	22	16	31	10	0	0	3	10	25	3	10	21	1	8	0	4	1	4	1	7	1	9	10	4	3	62	15	23
PF3D7_1427500	5	14	1	1	0	2	0	2	6	2	0	2	0	0	0	0	13	8	4	1	0	0	5	0	2	2	2	1	0	2	1	0	1	2	4	1	3	5	5	0	1	5	0
PF3D7_0627100	710	637	386	142	120	300	51	379	442	211	8	84	253	344	29	192	438	350	290	35	48	45	439	394	88	141	277	35	78	120	86	7	84	87	43	15	290	135	33	20	249	253	265
PF3D7_1009300	52	58	22	10	3	17	6	15	23	17	2	7	6	28	3	2	19	13	25	3	4	12	30	11	1	2	7	5	9	5	4	0	5	5	3	2	23	7	8	1	16	5	20
PF3D7_1113600	204	318	62	46	29	83	15	100	116	72	5	25	16	84	3	5	106	69	53	5	19	17	130	29	22	10	67	15	21	24	32	3	42	26	6	7	118	30	16	3	147	26	59
PF3D7_0804900	113	254	25	28	21	43	11	59	63	43	3	17	24	122	9	5	72	47	60	3	9	7	116	36	16	9	43	7	20	18	18	5	19	26	4	6	55	25	11	2	104	33	53
PF3D7_1146600	59	94	15	10	3	16	3	9	16	20	1	4	0	11	13	9	37	72	19	3	3	2	35	4	3	14	12	0	7	0	7	1	5	4	8	0	3	7	12	1	17	14	4
PF3D7_1368100	23	62	11	10	3	4	3	8	9	17	2	18	0	1	1	0	21	2	3	0	5	5	10	0	3	3	2	6	8	3	15	3	14	6	1	3	51	8	0	0	31	6	5
PF3D7_0316300	8	9	1	1	0	1	0	3	3	2	0	2	0	0	1	0	0	3	1	0	0	0	2	0	0	5	1	0	0	0	2	0	2	0	0	0	2	3	3	1	0	5	1
PF3D7_1467600	46	70	10	15	6	7	1	10	15	12	2	12	2	8	3	4	42	57	18	2	4	5	20	2	12	17	10	10	9	4	49	15	8	2	20	10	218	16	25	0	13	21	2
PF3D7_1432600	44	144	16	11	2	5	9	5	29	20	4	18	0	18	1	1	9	12	17	2	6	7	44	0	5	4	4	5	10	2	12	0	10	2	5	4	40	9	9	1	67	2	4
PF3D7_1102700	6431	10365	47017	777	1096	4564	394	3503	3690	1855	180	526	12168	2441	256	1019	27656	5159	1027	181	285	564	3506	13772	576	1746	17180	519	587	645	1018	113	2467	704	358	164	5107	1436	370	197	3036	2344	2859
PF3D7_1111200	71	36	79	11	3	3	5	10	20	12	1	5	3	6	1	1	25	18	13	2	7	2	14	5	5	5	5	7	8	3	10	0	6	7	2	0	43	2	2	0	19	9	10
PF3D7_1316400	40	176	43	14	14	8	2	22	21	40	7	13	10	29	4	4	30	25	21	4	4	13	45	9	4	5	8	4	14	6	6	1	5	13	9	1	31	24	7	2	46	7	31
PF3D7_0714000	168	225	79	47	26	99	13	173	128	69	8	27	86	75	11	15	128	150	77	14	11	15	174	109	26	30	90	13	21	40	26	3	22	38	9	5	97	68	19	6	238	40	103
PF3D7_0816900	5	5	3	0	0	1	0	0	0	1	0	4	0	0	0	1	6	1	3	0	1	0	1	0	0	6	0	0	0	0	0	0	0	1	0	0	0	1	1	1	2	1	0
PF3D7_1343100	6	15	9	1	0	3	0	5	2	3	2	2	0	8	1	0	4	12	9	1	1	3	4	2	4	1	5	0	2	3	1	0	4	1	2	0	3	4	0	0	13	1	5
PF3D7_0932600	6	13	8	0	0	2	0	1	0	1	1	3	0	0	0	0	10	3	0	0	0	0	3	0	1	2	1	0	0	0	1	0	3	0	3	0	1	3	7	0	1	4	0
PF3D7_0307100	152	521	42	58	39	65	21	99	89	80	15	42	35	73	10	2	112	95	49	11	33	41	293	30	51	16	86	38	37	18	110	8	108	34	15	12	338	69	15	15	446	19	98
PF3D7_0900900	0	2	1	0	1	3	0	1	4	1	0	0	0	0	0	0	1	7	2	0	0	0	0	0	0	1	3	0	0	0	0	0	0	0	1	0	0	0	0	0	0	2	0
PF3D7_0111600	0	0	1	1	0	0	3	1	1	0	0	3	0	0	0	0	1	1	1	0	0	0	0	0	1	0	0	0	0	1	3	0	1	0	0	0	6	0	2	0	0	0	0
PF3D7_0924200	5	38	1	2	4	4	1	5	3	1	0	5	0	0	1	1	7	14	8	0	3	3	0	0	1	0	2	1	5	5	2	2	4	0	3	0	15	3	5	0	5	0	0
PF3D7_0405300	39	81	20	13	10	7	7	23	12	15	0	3	0	4	1	1	48	57	27	2	2	1	7	1	4	8	6	1	9	3	3	1	10	2	8	2	2	8	23	3	13	7	0
PF3D7_1401600	58	407	125	37	23	41	10	48	61	63	9	28	10	59	9	13	50	73	30	5	18	12	123	4	58	20	15	38	95	7	46	3	75	16	5	12	385	27	25	0	152	27	31
PF3D7_1340900	834	791	335	236	140	438	95	536	381	226	49	556	92	512	47	186	478	570	337	46	142	147	457	194	173	119	391	134	149	163	279	30	500	164	89	46	672	226	66	63	492	185	365
PF3D7_0614900	64	58	37	8	7	16	2	19	15	41	0	6	1	51	3	0	35	21	32	0	1	8	28	2	0	11	9	1	14	7	6	0	5	6	10	0	9	14	8	3	20	9	11
PF3D7_0209700	154	149	130	50	49	59	18	134	54	45	5	27	34	86	4	28	115	175	96	9	15	30	135	47	15	28	103	7	23	22	33	3	49	24	23	4	52	63	11	13	107	27	81
PF3D7_1227900	27	62	14	2	0	3	1	4	15	6	0	6	5	11	1	0	12	11	1	1	4	3	29	2	4	2	0	4	2	0	8	2	4	0	2	2	40	3	0	0	37	5	7
PF3D7_1031200	13	29	4	4	1	2	0	15	8	14	0	14	1	0	1	2	17	35	12	1	0	1	6	1	2	3	3	3	2	6	2	1	3	3	3	1	8	4	10	2	2	10	0
PF3D7_1030400	9	9	2	0	1	1	1	3	2	1	0	0	10	10	0	4	10	11	6	0	0	1	4	9	1	1	2	0	2	6	0	0	0	1	1	0	4	1	1	0	1	5	4
PF3D7_0108800	10	22	4	5	4	8	2	4	8	5	2	13	0	2	1	3	8	7	2	0	13	9	6	0	16	0	1	8	9	1	23	2	12	1	0	3	68	4	0	2	5	3	2
PF3D7_1401700	3	93	11	0	1	2	1	1	1	5	0	1	0	3	1	0	2	2	0	0	0	3	4	0	0	0	1	0	1	0	3	0	0	3	0	2	1	1	2	0	45	0	1
PF3D7_1476600	27	36	14	18	3	12	2	19	12	21	0	10	4	6	2	3	49	66	38	1	1	3	9	2	8	11	11	2	4	6	29	14	6	11	13	22	144	22	12	0	15	8	24
PF3D7_0415400	30	49	24	10	1	14	2	21	24	10	1	3	15	19	3	6	20	15	24	0	1	8	31	15	3	6	7	3	1	4	6	0	5	2	1	1	17	6	4	1	33	8	15
PF3D7_0626000	47	45	45	21	7	19	8	29	25	6	2	26	2	22	2	1	42	10	10	2	25	8	16	2	42	2	23	25	13	7	49	4	47	8	0	4	171	13	6	3	20	10	13
PF3D7_1253300	33	3	26	22	7	19	7	79	23	14	0	2	68	22	0	23	41	36	16	3	0	11	30	83	0	7	33	1	1	12	3	1	0	15	0	2	4	16	9	1	34	12	17
PF3D7_0106400	49	118	20	9	4	3	3	21	22	23	1	6	3	25	0	0	24	28	14	3	2	4	40	7	9	2	11	4	8	2	12	0	13	6	2	2	84	9	6	0	47	2	13
PF3D7_0603000	84	104	29	22	14	19	8	46	34	17	3	15	14	45	2	3	51	31	26	10	2	10	75	32	7	9	37	1	5	19	15	0	9	12	8	2	47	19	2	0	101	16	35
PF3D7_0610900	226	208	101	44	52	124	7	199	167	99	11	35	50	104	9	17	136	110	74	6	16	21	134	96	21	41	130	22	20	35	60	3	62	38	22	8	172	59	13	13	95	50	114
PF3D7_1105000	198	383	84	37	33	53	9	149	147	86	3	27	78	89	13	20	136	114	64	23	17	21	232	71	12	24	66	4	32	32	25	2	40	21	10	5	76	45	22	9	350	54	97
PF3D7_1338600	39	54	7	9	5	7	3	23	11	19	0	13	0	0	2	2	38	62	30	2	1	2	5	2	0	16	6	0	3	8	3	1	13	2	9	3	4	12	23	5	3	11	0
PF3D7_0722300	65	86	39	22	12	20	7	31	24	27	0	18	8	32	4	3	47	52	33	2	4	17	58	8	9	6	14	5	6	8	18	1	27	5	3	0	35	17	2	2	85	6	20
PF3D7_1410200	198	331	99	49	40	69	21	101	143	93	9	38	20	123	13	4	99	102	62	14	31	31	231	33	61	18	55	23	40	13	71	10	85	33	15	13	217	38	10	5	210	27	69
PF3D7_0606300	62	258	53	18	9	10	16	10	34	65	10	17	23	59	9	9	18	31	27	7	8	41	65	10	19	12	11	12	59	8	28	15	33	38	7	26	185	37	13	3	92	11	34
PF3D7_0525800	26	15	5	1	15	47	0	26	25	8	0	3	6	1	11	28	30	115	9	0	2	0	3	2	1	3	19	0	5	6	2	0	0	3	5	0	1	2	3	2	1	10	1
PF3D7_1026200	15	33	7	2	6	5	0	17	5	13	1	1	1	3	1	0	10	17	22	0	0	5	10	1	0	2	3	0	15	4	1	3	0	5	4	6	4	4	5	1	3	1	8
PF3D7_1347900	7	8	11	8	0	6	5	2	2	1	0	3	3	6	1	1	13	8	6	0	0	0	1	4	2	5	4	0	2	3	0	0	0	2	8	0	3	3	7	0	0	2	0
PF3D7_1200700	5182	4650	6591	1676	1808	4626	496	6937	4404	3200	101	575	2190	3942	252	2500	6368	7776	3638	247	353	691	7041	5207	335	1754	3945	242	509	1944	583	96	606	1053	375	155	1130	1883	147	130	6553	3787	3831
PF3D7_1317800	276	573	118	86	70	57	32	151	143	110	15	59	64	115	8	14	150	101	85	17	44	39	284	110	76	22	78	34	49	21	91	9	111	54	11	11	330	69	13	14	354	53	211
PF3D7_0200500	17	37	12	3	4	4	3	11	2	19	9	1	0	15	9	0	19	15	29	0	0	1	10	0	2	1	1	3	5	2	9	3	3	8	1	5	5	9	7	0	2	2	4
PF3D7_1010500	4	8	2	0	1	0	2	0	4	0	0	2	1	4	0	0	0	8	2	0	0	0	1	0	0	0	2	0	1	0	0	0	1	2	3	1	1	3	2	0	1	3	0
PF3D7_1243800	42	48	51	9	25	31	2	19	30	8	2	8	6	10	28	51	44	233	7	0	6	9	21	2	3	3	19	2	24	3	4	2	13	6	2	1	25	2	6	3	37	22	2
PF3D7_1301400	17	17	126	6	11	14	8	13	14	5	4	78	4	2	0	6	25	2	6	3	195	18	2	1	297	2	2	155	59	0	57	11	57	0	2	24	908	4	0	0	14	36	11
PF3D7_0821000	30	92	38	3	10	15	4	35	25	33	1	8	22	21	9	37	23	123	54	1	0	5	38	17	0	24	6	0	6	13	2	4	4	16	6	3	4	24	12	0	9	17	35
PF3D7_0526300	165	313	44	33	21	73	12	94	78	46	2	27	12	80	10	3	107	100	41	4	16	21	124	41	10	11	60	11	21	20	34	8	44	16	13	1	115	23	4	11	219	32	49
PF3D7_0803600	386	665	157	107	84	145	45	192	233	156	26	78	19	251	28	8	199	228	160	25	18	53	349	81	53	27	106	28	67	41	164	4	218	52	33	19	422	156	26	27	279	48	124
PF3D7_0732400	1	0	0	0	1	27	0	11	1	0	0	6	1	27	7	0	0	5	2	0	0	0	0	0	0	0	8	0	3	0	1	1	2	0	0	0	0	0	1	0	0	6	4
PF3D7_1338800	14	21	6	2	0	5	1	8	5	9	0	4	0	0	4	3	25	21	6	0	1	1	3	0	0	8	2	1	0	0	1	0	2	0	3	0	0	2	11	2	2	1	0
PF3D7_1203500	268	224	113	65	24	32	13	92	170	79	5	16	19	69	12	10	100	91	44	6	6	17	177	44	12	17	49	5	14	11	14	0	12	9	8	4	43	43	10	2	158	15	83
PF3D7_1147000	36	56	25	11	9	4	2	12	13	29	0	7	2	25	5	3	45	39	23	0	1	2	30	4	1	10	5	0	8	4	2	0	3	7	7	0	7	9	21	1	15	8	2
PF3D7_1029800	6	17	17	9	5	1	0	5	1	3	0	5	0	2	1	0	16	8	10	0	0	0	5	0	0	4	1	0	1	1	4	0	2	1	4	2	2	1	2	0	4	4	0
PF3D7_0419100	3	69	4	2	1	2	3	1	5	15	0	5	0	3	0	0	5	21	5	1	2	1	17	1	0	0	1	6	5	3	4	0	3	1	2	0	20	1	1	0	9	3	2
PF3D7_0401100	0	0	0	0	0	0	0	0	0	0	0	0	0	0	0	0	0	0	0	0	0	0	0	0	0	0	0	0	0	0	0	0	0	0	0	0	0	0	0	0	0	0	0
PF3D7_1448700	30	95	24	12	5	10	7	14	17	13	1	11	4	18	0	0	18	17	15	0	3	2	27	5	4	1	7	1	2	3	9	2	8	5	0	2	20	8	3	2	25	6	10
PF3D7_1445300	43	102	22	11	3	18	0	13	12	10	0	9	5	40	7	3	44	69	24	2	2	7	16	7	6	6	11	1	6	6	4	1	4	3	9	1	13	20	12	1	3	28	5
PF3D7_0213600	16	33	5	7	3	5	2	8	8	4	1	7	2	3	0	1	4	5	2	3	0	0	7	0	0	8	2	0	3	6	4	0	2	0	7	0	3	4	7	0	5	8	0
PF3D7_1454400	1257	1732	224	301	165	419	116	671	706	604	61	314	135	725	47	49	693	566	388	61	162	188	1132	305	215	123	355	146	207	175	375	46	535	180	90	52	1483	354	76	67	1324	190	372
PF3D7_0717300	15	76	22	4	1	4	5	3	13	16	0	11	5	16	1	0	9	14	9	0	3	2	17	3	12	1	2	11	10	0	14	4	10	6	6	1	62	6	2	4	34	2	6
PF3D7_0609400	60	163	42	10	6	11	9	45	22	33	5	30	6	57	4	16	35	37	26	2	18	16	27	14	13	8	4	11	9	21	15	0	4	11	11	3	53	20	26	7	34	10	26
PF3D7_0509100	39	69	18	10	4	5	1	10	9	10	3	12	2	1	1	3	37	58	23	2	0	0	9	1	4	12	10	0	1	1	2	0	4	1	11	1	1	19	22	0	8	15	0
PF3D7_1470500	4	13	2	3	2	5	0	6	3	0	1	3	0	0	1	4	18	10	2	0	0	1	5	0	1	5	6	0	0	1	0	0	0	1	1	0	0	2	3	2	3	2	0
PF3D7_1030200	332	166	120	35	35	136	20	340	139	133	8	39	36	243	16	27	167	257	219	10	7	28	78	93	11	45	42	4	35	56	30	1	0	78	58	2	16	86	65	10	93	35	90
PF3D7_1217100	2	5	29	2	1	1	0	4	4	1	0	5	0	4	1	0	2	7	1	0	0	1	3	0	0	0	2	0	0	0	3	0	1	1	2	0	4	0	2	0	5	4	4
PF3D7_0717600	12	25	4	5	1	3	1	7	4	10	0	5	0	1	2	1	15	30	15	2	0	2	1	0	2	4	7	0	1	2	1	0	0	0	11	0	0	7	8	0	0	10	0
PF3D7_1312300	3	2	2	0	0	0	0	3	2	2	0	0	1	0	1	0	7	9	1	1	0	0	0	0	0	2	0	0	1	1	0	0	0	0	1	1	0	2	2	0	0	0	0
PF3D7_0701600	4	2	4	1	0	6	2	8	1	1	0	6	0	0	0	1	7	6	5	0	1	1	2	0	0	2	1	0	2	2	0	0	2	3	4	1	0	1	1	0	0	2	0
PF3D7_1463500	50	156	17	21	15	16	7	49	37	37	4	8	17	34	5	4	36	69	40	6	1	21	90	15	2	6	14	3	5	11	15	2	7	10	11	3	16	30	5	1	128	6	41
PF3D7_0414000	7	84	35	3	0	2	5	4	7	6	2	2	0	4	0	3	6	5	0	1	0	5	11	0	0	1	1	0	7	1	6	0	3	0	1	0	5	1	6	0	13	3	0
PF3D7_1212000	0	35	1	3	1	1	2	0	1	3	1	1	0	1	2	0	6	4	1	0	1	0	6	0	3	0	0	3	9	0	14	1	17	0	0	3	42	3	0	0	5	1	0
PF3D7_1404900	240	289	139	22	61	201	11	201	147	76	2	41	245	94	8	146	203	159	91	13	44	25	204	263	48	82	166	26	16	78	51	10	39	30	15	16	166	47	10	3	232	186	104
PF3D7_0316900	250	436	39	59	56	138	19	133	106	99	10	62	62	112	14	14	129	114	93	14	30	43	241	115	32	54	159	32	23	44	60	4	73	46	24	7	319	67	28	9	181	66	84
PF3D7_1115000	1	2	1	0	0	2	0	1	0	0	0	0	0	0	0	0	1	1	0	0	0	0	0	0	0	0	0	0	0	0	0	0	1	0	0	0	1	0	1	0	0	1	0
PF3D7_0501900	7	17	9	1	2	7	0	3	4	1	1	2	0	1	0	0	4	2	5	1	0	1	6	0	3	0	1	1	0	1	5	0	3	0	2	0	7	1	3	0	4	1	1
PF3D7_1131500	6	2	0	0	0	3	0	0	1	2	0	0	0	0	0	0	4	13	1	0	0	0	0	0	0	2	1	0	0	1	1	0	1	0	0	0	0	4	2	0	0	1	0
PF3D7_0610000	17	14	5	1	1	1	0	4	4	2	0	3	1	5	2	2	7	18	2	0	0	0	4	4	0	4	0	0	9	0	0	0	0	2	5	0	3	5	3	0	0	3	2
PF3D7_1122400	69	36	31	17	4	8	2	31	30	10	0	6	8	20	4	1	32	15	12	1	5	2	25	12	3	5	14	2	13	5	13	0	6	5	1	0	31	9	1	0	31	8	28
PF3D7_1115300	134	874	107	110	36	108	1	111	51	121	15	87	25	100	29	2	113	139	73	1	83	65	409	45	135	23	75	92	90	11	213	21	123	31	4	42	792	105	13	4	705	63	41
PF3D7_0811300	2920	1701	884	845	738	2556	229	3356	1959	1027	58	413	924	1655	201	436	2518	2599	1898	258	173	435	1363	1923	313	961	1912	115	247	989	493	94	489	710	358	118	1146	1479	156	144	929	987	1923
PF3D7_1458600	336	518	77	55	39	134	28	169	210	80	14	48	69	151	8	10	217	190	88	17	33	43	336	93	55	53	174	19	45	57	113	7	92	52	13	13	215	79	20	19	369	66	166
PF3D7_1025500	64	111	23	25	6	13	4	27	19	11	3	9	1	3	10	2	64	76	31	3	5	5	15	2	4	12	22	2	6	5	7	4	11	3	15	1	4	22	25	2	15	9	2
PF3D7_1456700	250	562	34	91	45	20	32	71	111	165	5	54	18	157	7	1	87	136	64	11	31	42	269	54	43	20	78	30	42	22	86	6	112	47	26	10	253	68	9	9	301	35	72
PF3D7_0529300	8	34	2	2	0	3	0	1	5	6	2	3	0	1	0	0	13	14	5	1	4	7	5	0	1	4	3	3	4	0	3	2	7	1	1	4	14	2	3	1	6	3	1
PF3D7_0526400	10	119	11	7	2	0	4	5	10	14	1	2	0	12	2	0	16	43	22	0	2	7	53	1	2	3	1	3	4	3	1	0	4	6	5	0	9	10	1	0	37	5	6
PF3D7_0604000	11	15	4	4	1	1	0	4	3	3	0	4	1	0	0	2	26	17	7	2	0	0	2	0	0	5	3	0	0	3	3	0	0	1	5	1	7	4	7	1	2	7	0
PF3D7_1305900	15	21	5	5	0	1	2	5	4	4	1	4	1	0	2	3	12	10	8	1	0	0	1	0	2	7	1	0	1	3	11	0	4	0	2	2	19	5	6	0	1	3	0
PF3D7_1426400	1	0	0	0	0	0	0	0	0	0	0	0	0	0	0	0	0	0	0	0	0	0	0	0	0	0	0	0	0	0	0	0	0	0	0	0	0	1	0	0	0	1	0
PF3D7_1141000	7	5	2	0	0	0	0	3	1	1	0	3	0	0	0	0	9	5	3	0	0	0	2	0	0	2	2	0	0	3	1	0	0	1	1	1	1	1	3	0	3	1	0
PF3D7_1433800	8	20	5	3	3	1	2	7	2	1	0	4	0	3	0	0	19	16	7	1	0	0	1	3	3	8	2	0	8	4	4	3	1	1	2	1	6	5	5	1	5	10	0
PF3D7_0303800	5	9	2	1	0	2	2	0	1	0	0	3	0	0	0	0	6	11	1	0	0	1	1	1	0	0	0	0	1	1	1	1	0	0	0	1	7	1	5	1	1	5	0
PF3D7_API01700	0	0	0	0	0	0	0	0	0	0	0	0	0	0	0	0	0	0	0	0	0	0	0	0	0	0	0	0	0	0	0	0	0	0	0	0	0	0	0	0	0	0	0
PF3D7_1472600	7	5	7	2	0	2	0	6	3	2	0	1	0	0	4	0	13	13	3	0	0	1	0	1	1	0	3	0	1	4	2	0	1	0	3	0	1	1	4	0	2	2	0
PF3D7_0525300	7	5	7	1	0	18	0	6	2	0	0	0	2	7	1	1	4	9	5	0	0	1	1	1	0	1	0	0	1	0	0	2	1	4	1	0	0	1	3	0	0	0	0
PF3D7_1401500	120	113	503	18	38	532	25	330	188	114	11	103	132	106	24	132	237	316	273	1	83	37	34	224	73	88	44	47	80	64	39	12	17	33	48	5	106	47	115	5	33	92	57
PF3D7_0702200	72	135	74	8	24	98	7	91	39	15	6	104	62	44	13	27	133	98	95	3	76	23	78	82	123	39	38	62	42	27	31	14	67	33	15	23	469	34	27	7	62	57	52
PF3D7_0830500	5647	2962	3069	562	546	1504	248	2040	2314	850	26	113	570	1783	126	917	1794	1382	1067	62	112	190	2687	1689	95	447	529	79	196	309	113	27	120	167	64	29	310	436	38	25	1845	1021	1500
PF3D7_0502300	1	5	4	3	1	1	0	3	1	3	1	2	1	0	1	0	5	4	4	0	0	0	0	0	0	0	2	0	0	0	0	1	0	0	1	0	0	3	5	0	1	2	0
PF3D7_1425800	52	259	81	27	9	16	18	38	37	40	14	23	14	41	4	2	29	38	19	8	14	29	51	7	20	5	15	24	71	2	27	16	66	16	5	9	251	24	20	4	120	14	43
PF3D7_1120200	126	261	16	37	8	60	14	49	42	48	6	32	9	90	2	1	46	59	27	2	11	14	78	15	17	2	40	18	18	7	31	1	33	12	10	1	104	27	5	9	170	23	29
PF3D7_0727200	237	398	77	50	24	62	22	125	116	77	12	28	12	112	8	4	135	90	70	7	9	29	177	36	16	13	90	11	26	18	29	4	23	29	9	6	83	62	21	12	265	23	77
PF3D7_1425000	1	0	0	0	0	0	0	0	0	0	0	0	0	0	0	0	0	0	0	0	0	0	0	0	0	0	0	0	0	0	1	0	0	0	0	0	0	0	0	0	0	0	0
PF3D7_1445800	26	84	32	8	8	4	1	18	13	13	2	8	6	17	4	1	23	16	28	1	6	3	13	11	4	8	6	2	18	3	12	0	4	6	1	3	23	15	4	3	19	11	13
PF3D7_1405300	10	67	10	4	4	0	3	1	4	9	1	3	0	1	1	0	6	4	6	0	1	3	21	0	3	2	3	2	3	0	5	0	10	0	1	0	30	3	4	0	29	4	1
PF3D7_1116200	53	102	19	17	10	6	7	9	28	25	7	19	0	16	1	3	16	38	5	5	4	12	39	5	10	2	8	9	10	3	44	3	51	6	3	3	150	9	8	4	69	6	8
PF3D7_1119700	113	179	29	32	21	43	7	44	60	50	2	15	26	94	12	3	78	78	35	10	7	15	139	47	7	30	37	1	6	20	13	2	0	20	18	5	34	42	7	5	219	26	61
PF3D7_1471600	19	32	24	13	1	2	2	19	5	10	0	2	1	0	0	1	25	25	11	0	3	4	6	2	1	12	7	0	3	2	0	0	5	0	15	1	1	7	12	2	6	8	0
PF3D7_0519500	32	68	13	5	5	9	6	10	4	19	2	27	0	5	5	2	35	37	27	0	5	6	7	0	29	10	8	14	22	4	37	3	74	3	7	7	128	8	19	1	7	14	1
PF3D7_1126100	27	109	15	12	5	6	6	8	3	21	3	17	0	14	3	1	23	17	10	0	6	6	28	9	9	3	4	12	43	7	22	0	44	3	6	8	89	7	4	0	25	9	13
PF3D7_1101400	2	2	0	0	0	0	0	2	0	3	0	0	0	0	0	0	3	0	3	0	0	0	0	0	0	0	0	0	0	0	0	0	0	1	0	0	0	0	0	0	0	0	0
PF3D7_API03900	0	0	0	0	0	0	0	0	0	0	0	0	0	0	0	0	0	0	0	0	0	0	0	0	0	0	0	0	0	0	0	0	0	0	0	0	0	0	0	0	0	0	0
PF3D7_1431900	7	18	3	4	3	1	0	4	3	2	0	5	0	2	0	0	12	1	3	0	0	1	3	0	0	2	1	3	1	1	4	0	3	0	0	0	4	3	4	0	1	3	0
PF3D7_1234200	11	28	1	4	2	3	1	10	6	8	0	3	1	3	2	0	22	22	11	1	0	5	1	2	5	3	3	0	1	1	2	1	4	3	5	0	11	4	12	0	1	6	0
PF3D7_1104300	14	34	8	2	2	0	0	7	3	10	0	5	2	1	0	0	12	9	8	0	3	1	5	0	1	4	3	1	2	3	1	1	6	1	10	0	19	1	14	2	6	6	3
PF3D7_1337800	53	150	24	15	21	33	8	34	26	46	2	12	31	34	9	60	75	111	28	1	2	8	91	43	3	53	18	1	1	11	1	1	3	7	12	2	3	17	6	4	46	38	12
PF3D7_1440200	27	32	19	10	9	5	4	7	14	11	3	12	0	3	3	0	32	45	15	2	3	1	6	1	10	10	7	6	14	2	40	1	21	0	10	2	31	8	15	1	4	8	0
PF3D7_1119000	16	82	6	9	0	2	4	4	6	9	5	17	0	5	0	2	21	11	6	4	10	2	12	0	8	2	3	8	8	2	18	3	21	1	7	1	35	9	3	2	21	6	0
PF3D7_1440300	1	3	2	1	1	0	1	0	2	1	0	0	0	0	0	1	5	1	2	1	0	0	1	0	0	1	1	1	1	0	0	1	0	0	2	0	2	0	0	0	1	0	0
PF3D7_1361500	8	9	8	3	3	3	0	3	8	4	0	2	0	4	3	1	7	11	3	0	0	1	0	0	2	3	3	2	4	1	5	0	1	1	3	0	2	3	2	2	0	3	0
PF3D7_0513200	610	906	191	147	70	154	71	193	312	212	33	84	40	399	29	12	211	132	115	12	28	95	508	49	65	21	106	43	83	31	135	14	174	63	40	24	368	126	23	24	435	52	121
PF3D7_0109800	87	173	31	31	25	32	9	62	51	33	2	14	20	71	2	4	46	49	27	14	8	9	119	35	27	11	26	8	20	11	20	1	23	7	9	0	91	22	5	3	149	15	37
PF3D7_1120100	245	802	111	84	39	14	61	66	137	116	24	94	5	116	13	4	110	46	26	6	72	67	355	5	224	3	10	68	165	12	180	23	416	11	10	40	987	30	19	15	485	22	78
PF3D7_0604500	2669	1548	1342	611	510	1934	243	1932	2142	735	40	286	971	1447	145	672	1810	1250	1410	118	186	245	1339	1727	332	779	1269	110	207	616	368	71	450	311	150	81	1022	648	70	52	743	1157	1676
PF3D7_1231200	0	3	1	0	0	3	0	3	2	0	0	3	0	1	0	0	2	2	0	0	0	1	1	0	1	2	1	0	0	0	0	0	3	0	0	0	2	1	0	0	2	1	0
PF3D7_1225900	3	8	7	1	1	1	0	3	1	2	0	0	1	2	0	0	5	10	4	0	0	2	3	0	0	1	2	1	2	0	3	1	6	1	4	0	1	1	6	1	2	2	1
PF3D7_1235900	55	53	59	21	7	27	7	32	33	22	2	10	10	31	2	1	31	27	18	3	7	7	34	8	6	4	19	0	0	11	12	0	17	6	1	2	53	15	3	2	29	2	31
PF3D7_1333000	8	19	4	4	0	2	0	4	1	5	0	8	0	0	0	2	6	6	5	0	0	0	4	0	2	0	1	3	3	2	11	1	22	0	4	1	30	2	3	0	0	1	0
PF3D7_0914000	101	179	26	24	12	20	13	28	39	44	5	22	2	37	4	2	47	30	33	3	9	5	96	8	14	4	11	3	10	7	20	4	40	5	10	3	65	29	15	3	59	12	6
PF3D7_1016400	770	1431	176	199	117	252	80	424	268	397	18	162	99	434	48	8	381	530	165	39	102	118	869	139	155	72	225	73	144	80	208	12	460	63	66	16	750	289	29	50	971	114	296
PF3D7_0108400	39	70	22	8	2	25	4	32	21	14	2	11	27	16	2	15	40	35	28	6	7	11	18	44	2	27	23	1	5	20	6	2	3	11	9	4	32	17	9	2	29	20	56
PF3D7_0817700	25	248	4	10	4	5	4	9	5	13	1	5	0	1	4	6	33	66	10	0	0	3	5	0	2	5	4	2	26	5	1	0	2	0	10	0	13	4	8	1	9	5	0
PF3D7_0607300	7	18	2	2	0	1	2	4	3	11	0	1	0	1	2	0	8	7	2	2	0	0	2	3	1	3	3	0	1	1	0	0	4	2	3	0	8	3	5	0	6	0	2
PF3D7_0111500	0	9	6	2	4	1	1	2	4	2	0	2	0	0	1	1	5	12	3	1	2	0	1	0	1	3	1	0	1	0	0	0	1	0	2	0	0	2	2	2	1	2	0
PF3D7_1103300	0	1	0	0	0	0	0	0	0	0	0	0	0	0	0	0	0	0	0	0	0	0	0	0	0	1	0	0	0	0	0	0	0	0	0	0	0	0	0	0	0	0	0
