	ERR3470491	ERR3470495	ERR3470496	ERR3470497	ERR3470499	ERR3470501	ERR3470502	ERR3470503	ERR3470492	ERR3470493	ERR3470494	ERR3470484	ERR3470486	ERR3470487	ERR3470488	ERR3470490	ERR3470504	ERR3470505	ERR3470506	ERR3470507	ERR3470508	ERR3470510	ERR3470511	ERR3470512	ERR3470514	ERR3470515	ERR3470516	ERR3470517	ERR3470519	ERR3470520	ERR3470521	ERR3470522	ERR3470523	ERR3470524	ERR3470526	ERR3470527	ERR3470528	ERR3470529	ERR3470530	ERR3470531	ERR3470532	ERR3470535	ERR3470536
ENSG00000127720	197	44	131	187	249	114	415	131	146	54	183	168	71	226	192	189	96	208	151	271	239	390	109	271	464	118	78	183	493	266	165	70	91	78	152	85	139	162	152	76	172	115	254
ENSG00000275852	2	0	0	0	1	0	0	0	0	0	0	0	0	0	0	0	1	1	2	0	0	0	0	0	4	0	0	0	0	1	0	0	0	0	0	0	0	0	0	0	0	0	0
ENSG00000224440	0	0	0	0	0	0	0	0	0	0	0	0	0	0	0	0	0	0	0	0	0	0	0	0	0	0	0	0	0	0	0	0	0	0	0	0	0	0	0	0	0	0	0
ENSG00000261140	0	1	0	0	0	0	0	0	1	0	0	1	0	0	0	3	0	0	0	2	0	1	0	0	0	0	0	1	2	0	0	0	0	0	1	0	0	1	0	0	0	0	1
ENSG00000221200	0	0	0	2	0	0	0	0	0	0	0	0	0	0	0	0	0	0	0	0	2	1	0	0	0	0	0	0	0	0	1	0	0	0	0	0	0	0	0	0	0	0	0
ENSG00000237787	2	4	0	5	1	0	1	1	1	0	0	2	0	0	2	2	4	9	1	9	2	0	0	0	5	1	1	0	0	3	0	1	1	0	1	1	0	0	3	0	0	4	0
ENSG00000051596	288	43	48	71	70	52	238	99	102	52	91	28	25	92	148	150	56	404	78	83	263	215	85	85	251	41	86	185	274	201	73	27	92	45	154	58	119	36	122	57	50	199	93
ENSG00000250532	2	0	0	1	3	0	1	1	0	0	0	0	0	0	0	0	0	1	0	1	1	0	0	0	1	1	0	0	0	0	0	0	0	0	0	0	0	0	1	0	0	1	0
ENSG00000236211	2	1	0	2	3	0	0	1	0	0	0	2	0	0	0	2	3	5	6	5	2	0	1	0	4	3	0	1	0	5	0	0	0	1	4	1	0	1	1	1	0	4	0
ENSG00000236118	0	0	0	2	0	1	2	0	0	1	0	0	0	0	0	0	2	2	0	1	1	0	0	0	0	3	0	0	0	0	1	0	1	0	0	0	0	1	0	0	0	0	0
ENSG00000214684	1	0	0	3	1	1	0	0	1	0	1	2	0	0	0	3	0	12	1	1	0	0	0	0	8	2	0	0	0	1	0	0	0	0	3	0	0	0	1	0	1	0	0
ENSG00000213697	0	1	0	1	0	0	2	0	0	0	2	0	0	0	0	0	0	0	0	1	0	0	0	0	0	3	0	3	0	0	1	0	0	0	0	0	0	0	0	1	0	1	0
ENSG00000135541	608	63	225	261	253	194	912	253	539	155	269	164	56	190	503	148	165	496	163	334	624	587	200	225	393	94	93	368	789	447	178	67	181	94	380	104	153	130	210	84	54	250	314
ENSG00000252927	0	0	0	1	0	0	2	0	0	0	1	0	0	0	0	1	0	0	0	0	0	0	0	0	1	0	0	0	0	0	0	0	0	0	0	0	0	0	0	0	0	1	0
ENSG00000143376	820	321	873	1494	1010	743	2411	1454	795	302	1120	1222	493	2342	707	1360	707	481	828	2044	739	1934	530	1828	1359	597	562	720	1526	1522	428	345	449	943	1677	502	274	1708	2507	1895	550	636	1033
ENSG00000286035	7	4	1	4	8	12	8	9	3	0	1	9	0	5	1	3	4	7	6	6	6	8	1	2	11	4	5	4	2	15	1	0	2	4	18	1	2	4	9	2	1	1	12
ENSG00000279719	7	1	3	4	15	13	4	30	5	6	0	3	8	2	0	7	9	11	2	8	6	1	2	15	8	3	2	0	2	1	1	0	0	1	1	0	2	0	7	0	2	2	4
ENSG00000256006	6	6	6	6	7	1	4	8	2	3	5	1	1	3	8	1	6	14	2	10	8	5	5	8	2	14	5	5	11	7	2	0	1	2	4	2	2	2	3	1	1	2	0
ENSG00000258324	0	0	0	0	0	0	0	0	0	0	0	0	0	0	0	0	0	0	0	0	0	0	0	0	0	0	0	0	0	0	0	0	0	0	0	0	0	0	0	0	0	0	0
ENSG00000206917	2	0	0	0	0	0	0	0	0	0	0	2	0	0	1	1	0	0	0	0	0	0	0	0	0	0	0	0	0	0	0	0	0	0	0	0	0	0	0	0	0	0	0
ENSG00000274372	6	2	4	10	10	4	38	7	5	1	4	8	1	5	5	1	4	7	1	7	4	7	4	0	7	4	0	5	13	6	7	1	2	4	4	2	2	5	11	3	0	5	5
ENSG00000172172	918	145	175	230	270	187	755	150	364	114	192	117	68	202	471	142	178	841	159	313	607	481	290	286	705	102	100	449	546	308	257	53	168	71	137	65	183	142	160	72	142	234	538
ENSG00000100218	11	0	2	11	2	7	3	4	5	0	5	6	3	6	0	6	6	5	13	6	2	5	0	13	9	7	3	5	15	6	8	0	3	10	12	1	3	8	15	7	3	4	8
ENSG00000278981	4	1	0	3	3	0	3	2	1	2	1	1	1	0	1	0	2	3	6	3	0	0	1	3	4	3	1	2	0	0	1	0	2	0	2	0	1	0	2	2	0	3	0
ENSG00000276645	1	1	0	2	3	0	9	2	7	2	3	2	0	2	4	10	1	9	0	8	3	12	1	2	6	5	3	7	17	6	1	1	1	3	2	0	5	4	8	0	3	2	3
ENSG00000199273	0	0	0	0	0	0	0	0	0	0	0	0	0	0	0	0	0	0	0	0	0	0	0	0	0	0	0	0	0	0	0	0	0	0	0	0	0	0	0	0	0	0	0
ENSG00000225937	26	11	4	47	30	14	5	18	10	6	6	21	1	3	1	28	26	33	15	57	7	6	4	10	47	28	6	4	0	29	8	3	11	1	24	2	4	8	16	11	0	17	11
ENSG00000132604	234	113	120	240	206	88	389	158	130	66	146	156	60	253	188	185	130	262	142	294	227	297	99	249	316	69	74	275	423	289	94	55	101	101	190	64	115	191	276	124	131	145	227
ENSG00000111218	5	1	0	7	6	4	1	1	4	4	3	3	0	0	1	7	4	9	9	3	1	0	0	5	19	6	3	1	0	6	2	1	0	1	4	1	1	1	3	0	0	6	2
ENSG00000254025	0	0	0	4	0	0	0	0	1	0	0	4	0	0	0	0	3	1	4	6	1	0	1	0	3	2	2	0	0	0	1	1	1	0	1	0	0	0	2	0	0	1	0
ENSG00000142185	90	102	240	323	96	82	286	194	63	111	50	370	50	860	218	98	236	204	261	955	159	115	90	226	221	190	57	50	94	346	34	51	27	151	387	58	14	145	740	119	63	230	196
ENSG00000162676	370	36	112	162	85	131	341	60	194	72	174	72	18	90	272	226	69	466	56	96	259	190	46	84	317	43	91	269	320	435	114	26	136	36	111	38	68	42	188	72	23	134	85
ENSG00000131724	526	247	311	1370	727	408	1144	477	271	125	468	931	433	3998	651	530	378	271	1700	1895	439	787	436	1517	929	504	628	372	1295	1265	305	272	201	830	1746	432	198	1059	2512	1097	590	723	994
ENSG00000259444	1	0	0	0	1	0	0	0	0	0	0	0	0	0	0	0	0	0	0	0	0	0	0	0	0	0	0	0	1	0	0	0	0	0	0	0	0	0	0	0	0	0	1
ENSG00000224647	6	0	0	8	0	3	1	0	0	0	1	0	0	0	1	0	0	2	0	1	0	0	0	0	3	0	0	0	2	2	1	0	0	0	3	1	0	0	0	0	0	3	0
ENSG00000258527	1	1	0	0	0	0	0	0	0	0	0	0	0	0	0	0	0	0	0	0	0	0	1	0	0	0	1	0	1	0	0	0	0	0	0	0	0	4	0	0	0	0	0
ENSG00000213417	0	0	0	0	2	0	0	0	0	0	0	0	0	0	0	0	0	1	0	1	1	0	0	0	4	0	0	0	0	0	0	0	0	0	2	0	0	0	0	0	0	0	0
ENSG00000286672	7	2	1	14	21	3	6	8	3	1	2	8	0	4	1	8	9	6	4	19	6	23	2	6	29	9	0	2	11	19	7	4	3	1	10	1	5	2	4	11	3	4	12
ENSG00000232842	1	1	0	1	4	1	1	0	0	1	1	1	0	0	0	1	0	1	2	0	1	3	0	0	1	1	0	1	0	2	0	0	0	2	1	0	0	0	1	0	0	2	1
ENSG00000257711	8	0	1	14	10	1	2	3	5	2	3	7	0	0	0	8	1	10	2	11	6	1	0	0	24	4	4	3	1	5	0	0	3	3	4	1	5	1	6	1	1	4	3
ENSG00000235293	4	1	0	2	0	0	1	2	2	2	0	1	0	0	0	0	1	1	2	1	0	0	0	1	2	1	2	0	0	0	1	0	1	1	0	0	0	3	2	0	0	0	0
ENSG00000280286	2	1	0	3	2	2	6	0	5	0	3	2	0	3	1	1	2	3	4	6	1	2	1	2	15	3	3	5	12	7	3	2	0	0	0	1	2	1	2	1	1	2	3
ENSG00000263861	0	0	0	0	0	0	0	0	0	0	0	0	0	0	0	1	0	0	0	0	0	0	0	0	0	0	0	0	0	0	0	0	0	0	0	0	0	0	0	0	0	0	0
ENSG00000112812	12	0	4	3	5	7	6	4	4	1	2	3	0	2	11	14	7	11	1	6	7	3	1	1	16	9	1	0	2	8	3	0	3	4	4	1	2	5	3	1	2	11	1
ENSG00000258050	0	0	0	2	0	0	0	0	0	0	0	0	0	0	0	2	0	0	1	1	0	0	0	0	6	0	0	0	0	1	1	0	0	1	0	0	0	0	1	0	0	1	0
ENSG00000128595	1765	453	531	992	601	547	3112	405	1040	387	560	557	198	588	1901	464	799	1860	348	733	1356	1185	943	781	1200	247	357	950	1662	1261	730	163	522	347	418	214	312	493	609	431	450	879	688
ENSG00000136531	64	13	3	61	30	19	11	27	28	12	8	39	3	4	16	27	21	69	52	76	15	21	4	3	59	43	30	5	3	55	16	4	14	13	49	8	11	20	47	12	0	40	0
ENSG00000260658	3	1	0	7	5	1	0	4	3	1	0	1	1	0	1	0	4	5	8	6	1	1	0	0	2	5	1	0	0	3	3	0	0	0	12	0	0	3	3	0	0	0	0
ENSG00000176115	0	0	0	0	0	0	0	0	0	0	0	0	0	0	0	0	0	0	0	0	0	0	0	0	2	0	0	0	0	0	0	0	1	0	0	0	0	0	0	0	0	1	0
ENSG00000175220	57	18	84	104	51	36	155	44	43	18	67	82	35	143	54	63	47	45	52	155	60	118	42	99	91	36	35	104	105	126	41	10	38	70	66	14	24	73	98	99	30	54	75
ENSG00000186479	12	3	0	7	4	3	1	8	6	2	1	3	0	0	1	8	9	15	9	18	3	0	3	0	9	7	2	2	0	5	3	0	0	1	5	4	4	3	6	0	0	9	0
ENSG00000225469	1	0	0	3	2	1	0	0	0	0	0	0	0	0	0	0	0	0	0	0	0	0	0	0	0	2	0	0	0	2	0	0	0	1	1	0	0	1	0	0	0	0	0
ENSG00000168283	376	108	186	167	161	133	538	100	242	89	200	130	62	199	329	177	103	393	119	126	343	469	118	151	365	53	87	293	713	360	158	62	85	118	163	75	130	104	116	62	156	171	319
ENSG00000228175	1	3	2	3	1	0	0	4	3	0	0	0	0	1	0	0	0	2	0	1	1	1	1	2	2	0	0	0	0	0	1	1	0	0	0	0	0	0	0	0	0	1	0
ENSG00000276185	0	0	0	0	0	0	1	0	0	0	0	0	0	0	1	0	0	0	0	0	0	0	0	0	0	0	0	1	0	0	0	0	0	0	0	0	0	0	0	0	0	0	0
ENSG00000249474	0	1	0	2	3	1	1	1	0	0	1	4	1	2	7	0	0	5	1	1	0	2	2	1	3	3	3	0	1	1	0	0	0	1	0	0	0	1	0	1	2	3	1
ENSG00000034510	47237	13362	9507	16655	13712	6786	39785	7686	13876	7576	16857	7401	5166	35224	25431	10932	10521	32051	15480	13484	33462	28510	17185	27305	50399	6510	11162	34987	58526	31792	20279	4419	9890	7645	19118	6313	11513	11650	24880	8000	25888	15889	25815
ENSG00000277514	0	0	0	1	1	0	0	1	3	0	1	1	0	0	0	3	3	2	5	1	1	0	0	0	2	3	0	1	0	1	0	0	0	0	2	0	0	3	0	0	0	0	0
ENSG00000231351	6	3	0	0	3	2	0	2	2	0	0	0	0	1	1	2	3	0	0	3	5	2	1	1	3	1	0	2	3	3	0	0	0	0	1	0	0	0	1	0	1	1	1
ENSG00000287518	3	1	0	4	3	1	0	0	1	0	1	2	1	0	1	1	0	1	2	4	1	0	0	0	6	4	0	0	0	3	0	0	0	0	3	0	2	1	2	0	0	4	0
ENSG00000100652	7	2	2	8	8	3	12	10	9	1	7	7	2	18	0	4	4	9	7	10	0	10	0	10	20	3	4	2	4	23	2	0	2	3	15	2	6	2	18	5	2	9	2
ENSG00000258472	0	0	0	0	0	0	0	0	0	0	0	0	0	0	0	0	0	0	0	0	0	0	0	0	0	0	0	0	0	0	0	0	0	0	0	0	0	0	0	0	0	0	0
ENSG00000174684	36	14	16	18	8	13	45	7	8	10	8	9	3	11	46	16	10	43	10	23	47	24	20	19	34	4	9	48	90	50	32	8	15	7	15	6	5	3	10	11	28	19	24
ENSG00000230283	2	0	0	2	3	1	1	2	0	0	0	7	2	6	1	0	1	4	1	7	0	2	0	4	1	1	2	0	0	0	0	1	0	1	5	0	0	0	1	3	0	0	0
ENSG00000226356	3	1	0	1	0	1	0	0	1	1	0	1	0	0	0	6	0	0	1	2	0	0	0	1	4	1	0	0	2	2	0	0	0	0	1	0	0	0	0	0	0	3	0
ENSG00000285190	2	1	2	12	6	0	2	6	1	1	2	7	0	2	2	3	1	7	3	14	3	5	4	2	6	1	2	3	1	6	2	2	2	2	6	1	2	1	3	1	0	4	1
ENSG00000258081	9	3	0	11	2	1	2	5	7	3	1	10	0	0	5	8	2	18	11	23	5	0	3	0	8	7	1	1	0	7	2	1	3	1	4	1	4	6	8	0	1	7	0
ENSG00000237472	0	1	0	2	0	0	1	0	0	0	1	1	0	0	0	0	1	2	0	1	1	0	1	0	2	1	0	0	0	0	2	1	2	0	2	0	0	0	0	0	0	0	0
ENSG00000251152	1	3	0	10	8	2	19	3	6	2	8	5	0	2	5	12	7	37	16	24	4	21	4	2	16	10	4	8	10	8	13	0	6	2	17	4	7	6	10	3	0	4	3
ENSG00000222460	2	0	1	3	7	3	2	4	1	0	1	1	3	1	3	4	1	2	1	1	1	6	0	4	4	2	0	4	0	5	1	0	0	1	3	1	0	1	1	1	2	0	3
ENSG00000201292	0	0	0	4	0	0	0	0	0	1	0	0	0	1	0	0	0	1	0	2	2	0	0	0	4	1	0	0	0	2	0	0	0	1	0	1	0	0	0	1	0	1	0
ENSG00000286005	3	0	0	2	2	0	0	1	0	0	0	0	0	0	0	0	1	1	0	2	0	0	0	0	3	1	0	0	0	3	0	0	0	0	0	0	0	0	0	0	0	0	0
ENSG00000131652	175	33	86	53	34	19	130	26	64	22	53	51	23	57	80	64	59	140	36	74	105	106	32	57	183	11	23	96	195	136	66	16	41	8	40	14	45	39	47	37	95	37	69
ENSG00000286696	2	1	0	0	2	0	3	0	0	2	0	2	0	0	1	4	2	3	0	5	1	1	0	0	3	2	0	0	0	3	1	1	0	1	0	0	0	1	0	1	0	2	0
ENSG00000107185	213	111	147	199	140	115	488	101	108	77	165	136	39	253	214	178	109	210	103	331	269	287	134	148	236	92	89	334	363	330	93	51	136	142	217	63	100	159	243	166	92	123	173
ENSG00000224995	1	0	0	5	4	0	0	1	0	1	1	0	0	0	0	1	3	0	0	0	0	1	0	0	0	2	0	0	0	0	1	0	1	0	0	0	0	5	0	0	0	1	0
ENSG00000268794	1	1	0	1	1	0	0	0	0	2	1	2	0	0	0	0	2	3	1	3	0	0	0	0	3	2	1	0	0	3	1	0	2	1	3	0	0	0	3	1	0	2	0
ENSG00000286060	4	0	0	3	3	2	0	6	1	0	0	1	0	0	1	0	2	5	6	10	1	1	2	0	0	10	0	0	0	3	1	0	0	1	2	0	0	0	2	0	0	3	0
ENSG00000256967	2	2	3	1	0	0	1	0	0	0	2	0	3	1	1	0	2	1	0	0	2	0	0	0	2	0	0	2	0	0	0	0	0	0	1	0	1	0	1	1	1	2	0
ENSG00000248449	7	3	0	9	3	4	4	5	2	1	4	8	0	8	3	4	4	2	1	7	3	5	2	10	6	4	2	3	4	17	2	1	3	6	9	1	1	3	8	0	0	2	4
ENSG00000287418	4	3	4	9	4	15	4	6	3	3	4	3	2	6	5	3	0	10	0	16	5	9	1	5	9	4	1	0	0	3	3	4	1	0	10	4	1	3	7	1	1	5	5
ENSG00000119314	2948	1748	2956	4629	3430	1932	7453	2681	2409	1092	3568	4043	1279	5024	3625	3571	1906	3395	3014	8253	3577	7380	2036	4435	4306	2424	1886	3165	6683	5230	2332	1365	1913	2515	4309	2012	1217	3693	4623	3225	2164	2352	4726
ENSG00000232952	81	34	31	62	32	31	94	30	36	32	32	20	16	57	81	34	31	84	54	30	95	68	52	61	107	13	33	79	164	89	36	13	36	24	46	13	28	33	41	19	33	49	59
ENSG00000225877	4	0	0	5	2	0	0	1	0	3	1	1	0	0	0	1	3	2	0	1	0	0	0	0	7	5	0	0	0	5	2	1	0	0	1	0	0	1	1	0	0	2	0
ENSG00000276753	0	0	0	0	0	0	0	0	0	0	0	0	0	0	0	0	0	0	0	0	0	0	0	0	0	0	0	0	0	0	0	0	0	0	0	0	0	0	0	0	0	0	0
ENSG00000230830	0	0	0	2	0	1	0	0	0	0	0	3	0	0	0	0	0	2	1	3	0	0	0	0	2	2	0	0	0	1	0	0	0	1	0	0	0	0	1	0	0	0	0
ENSG00000196652	389	112	125	295	206	125	601	128	183	113	233	150	70	449	338	195	147	337	215	387	364	303	175	277	468	97	144	311	608	554	172	70	133	76	334	103	138	207	298	146	214	206	249
ENSG00000100568	955	307	450	842	1694	271	1730	540	467	243	772	606	253	684	731	888	514	644	468	3368	1072	1681	580	919	2630	697	313	881	1698	1297	552	197	355	350	1020	320	306	517	606	366	900	562	1197
ENSG00000201231	2	0	1	6	5	2	4	0	4	1	13	1	0	2	3	1	1	0	0	5	5	7	2	0	9	2	1	2	2	4	3	2	5	1	8	2	1	6	2	1	0	2	2
ENSG00000108468	1121	297	184	533	341	230	826	242	335	169	393	287	122	941	700	316	414	607	478	685	877	682	491	553	1096	232	204	567	1170	1056	456	156	222	254	560	212	222	346	612	239	577	394	561
ENSG00000286968	0	0	0	0	0	0	0	0	1	0	0	0	0	0	0	0	0	0	0	0	0	0	0	0	0	0	0	0	0	0	0	0	0	0	0	0	0	0	0	0	0	0	0
ENSG00000176566	2	1	0	4	4	3	0	0	1	1	1	1	0	0	0	0	2	2	8	13	3	0	1	0	8	3	1	1	0	3	5	1	0	1	1	1	0	3	3	2	0	2	0
ENSG00000285912	0	0	0	0	0	0	0	0	0	0	0	0	0	0	0	0	0	0	0	0	0	0	0	0	0	0	0	0	0	0	0	0	0	0	0	1	0	0	0	0	0	0	0
ENSG00000236377	3	1	0	1	2	2	1	0	1	3	0	0	0	3	0	1	4	3	1	7	1	0	2	1	3	0	0	0	0	3	1	0	0	0	3	0	1	2	1	1	0	0	0
ENSG00000235430	0	0	0	3	2	0	0	0	0	1	0	0	0	0	0	0	0	0	1	0	1	0	2	0	4	2	0	1	0	1	0	0	0	0	4	0	1	0	0	0	1	0	0
ENSG00000286949	2	0	0	6	1	1	0	1	0	0	0	0	0	0	0	1	0	0	3	1	0	0	0	0	4	2	0	0	0	2	1	0	0	0	0	0	2	0	0	0	0	1	0
ENSG00000253634	7	3	0	23	7	2	1	2	4	3	1	4	0	0	4	5	9	9	11	13	4	0	1	0	9	6	2	1	0	10	0	0	4	0	9	1	1	2	6	2	0	5	0
ENSG00000248165	0	0	0	1	2	1	4	0	0	0	1	0	0	0	1	3	4	1	0	7	0	7	1	0	5	3	1	2	0	1	1	0	1	0	1	2	0	0	0	3	0	0	2
ENSG00000259464	0	0	0	0	0	1	0	1	0	0	0	0	0	0	0	2	0	0	1	2	0	0	0	0	0	0	0	0	0	0	0	0	0	0	0	0	0	0	1	0	0	0	0
ENSG00000189132	0	0	0	0	3	0	0	0	1	0	0	0	0	0	0	0	0	0	3	1	0	1	0	0	4	1	0	0	0	1	0	0	0	1	1	0	0	0	1	0	0	2	0
ENSG00000264788	0	0	0	0	1	0	0	0	0	0	0	1	0	0	0	0	0	1	0	2	0	0	0	0	0	1	0	0	0	1	1	0	0	0	0	0	0	0	1	2	0	1	0
ENSG00000252268	0	0	0	0	0	0	0	0	0	0	0	0	0	0	0	0	0	0	0	0	0	0	0	0	0	0	0	0	0	0	0	0	0	0	0	0	0	0	0	0	0	0	0
ENSG00000260105	1	2	0	4	6	0	0	1	1	0	0	1	0	0	0	3	1	4	0	3	0	0	0	1	5	6	1	0	0	4	2	0	1	1	1	0	1	0	2	1	0	5	0
ENSG00000259611	3	2	0	4	3	1	2	0	1	0	0	2	0	0	0	2	4	4	6	3	0	0	1	0	8	3	0	0	0	7	0	1	0	2	3	1	1	1	3	0	0	1	1
ENSG00000228135	0	0	0	5	3	1	1	1	2	0	1	0	0	0	1	3	0	4	3	4	0	1	0	0	10	3	1	1	0	5	2	0	1	1	3	0	3	1	2	0	0	1	0
ENSG00000130349	162	39	26	51	66	25	134	37	50	46	53	32	9	50	107	48	27	128	38	56	121	118	64	106	158	19	27	129	185	130	57	12	37	36	45	19	35	32	54	22	47	50	73
ENSG00000113163	1323	527	814	1540	1485	790	3173	1434	1067	478	1239	1279	505	2105	1464	1274	811	1310	1132	2975	1527	2435	883	1742	2082	948	684	1139	2606	1771	840	466	656	869	1431	611	529	1227	1436	802	740	814	1773
ENSG00000232977	8	1	0	15	4	5	1	7	3	4	2	12	0	0	8	9	3	11	7	14	4	3	2	3	23	7	2	0	2	10	10	1	7	5	5	2	7	2	5	3	0	4	0
ENSG00000224855	3	0	0	5	1	2	4	3	1	0	2	3	0	1	4	1	2	5	4	6	4	6	2	1	9	1	0	0	5	9	4	2	1	0	3	2	3	4	2	2	6	3	2
ENSG00000182333	5	1	0	5	7	2	4	3	3	0	0	5	0	5	3	4	3	3	8	13	2	0	0	1	9	13	2	0	0	8	0	1	1	2	8	2	4	2	5	2	0	2	2
ENSG00000155760	3	1	4	4	6	1	2	4	2	0	0	2	1	1	1	1	2	6	1	2	0	3	0	1	6	2	1	0	3	2	2	0	0	1	5	1	2	4	4	0	0	2	0
ENSG00000207137	0	0	0	0	0	0	0	0	0	0	0	0	0	0	0	0	0	0	0	0	0	0	0	0	0	0	0	0	0	0	0	0	0	0	0	0	0	0	0	0	0	0	0
ENSG00000125266	10	1	2	9	11	12	7	8	5	3	3	5	4	3	6	5	10	16	6	11	5	0	1	6	16	10	3	4	9	15	4	0	2	3	4	6	4	8	8	2	0	11	4
ENSG00000264966	1	1	0	1	2	0	3	0	2	0	3	3	0	2	0	2	0	0	0	2	0	3	0	1	4	2	0	1	0	1	0	1	1	2	2	1	1	1	2	2	0	0	0
ENSG00000211876	28	0	3	10	8	9	22	13	23	5	11	8	4	15	24	5	3	17	7	24	26	61	6	18	25	3	3	26	58	43	15	11	15	6	17	9	16	11	6	4	3	8	21
ENSG00000235926	1	0	0	0	0	0	0	0	0	0	1	2	0	0	0	1	0	0	0	1	0	0	0	0	2	0	0	0	0	0	0	0	0	0	0	0	0	1	0	0	0	0	0
ENSG00000227841	0	0	0	3	1	2	0	0	0	0	1	4	0	0	0	1	4	0	1	6	1	0	0	1	2	2	1	0	1	3	0	0	0	0	1	0	1	0	4	0	0	1	0
ENSG00000227666	8	5	1	1	3	2	14	3	5	3	7	2	0	2	6	0	2	2	3	5	3	5	2	3	11	0	2	8	11	10	1	1	7	4	2	0	4	6	5	3	0	1	10
ENSG00000107404	114	17	38	40	28	22	119	27	49	23	38	28	19	41	61	46	46	94	13	42	106	94	48	75	127	17	27	81	165	126	36	11	26	18	61	23	54	36	41	26	43	34	79
ENSG00000283973	1	3	0	3	7	0	4	2	0	0	0	1	0	0	0	2	2	0	2	1	2	1	0	0	8	0	1	0	0	3	2	0	1	0	2	0	1	1	2	1	0	1	0
ENSG00000232415	1	0	0	1	0	0	0	1	2	0	0	1	0	0	0	0	0	2	0	0	1	0	1	0	1	0	1	0	0	3	1	0	0	0	0	0	0	0	0	0	0	2	0
ENSG00000105829	511	111	185	294	340	195	634	187	371	121	263	240	86	333	441	176	158	526	220	203	397	544	238	339	544	104	128	380	921	500	192	90	153	133	231	123	258	146	194	113	172	268	423
ENSG00000249494	12	1	1	15	10	7	11	2	12	2	3	12	2	1	1	11	3	15	7	13	5	10	4	3	19	5	2	3	14	13	4	1	5	6	8	3	5	3	7	5	0	12	3
ENSG00000261424	0	0	0	6	0	1	0	0	1	0	0	3	0	1	1	1	2	3	1	0	0	0	1	0	0	3	0	0	0	1	2	0	3	0	0	0	0	1	0	0	0	0	0
ENSG00000222419	0	0	0	0	0	0	0	0	0	0	0	1	0	0	0	1	0	0	0	2	0	0	0	0	0	3	0	0	0	1	0	0	0	0	0	0	0	0	0	0	0	0	0
ENSG00000202027	0	0	0	0	0	0	0	0	0	0	0	0	0	0	0	0	0	0	0	0	0	0	0	0	0	0	0	0	0	2	0	0	0	0	0	0	0	0	0	0	0	0	0
ENSG00000257379	0	0	0	0	0	0	0	0	0	0	0	0	0	0	0	0	0	0	0	0	0	0	0	0	0	0	0	0	0	0	0	0	0	0	0	0	0	0	0	0	0	0	0
ENSG00000165985	6	1	1	2	1	2	1	2	3	0	1	0	2	0	3	0	1	4	2	2	1	4	0	2	7	0	2	5	0	3	2	0	4	1	3	0	1	2	1	0	0	2	2
ENSG00000160111	9	9	0	10	9	3	12	3	3	2	3	5	2	0	4	8	6	4	3	11	4	9	6	5	20	5	2	5	3	10	5	2	1	7	4	0	3	3	12	1	0	9	8
ENSG00000285331	23	8	9	22	15	9	38	9	20	9	18	11	4	15	25	17	9	33	7	33	21	24	7	20	40	8	10	18	39	26	7	6	7	6	33	7	12	13	17	12	5	22	14
ENSG00000169026	13	9	14	41	4	6	51	3	10	0	8	12	9	96	17	12	15	10	44	33	18	19	13	27	56	9	20	22	37	39	9	4	8	6	54	10	6	30	48	17	14	16	35
ENSG00000232811	15	6	3	22	9	23	31	19	10	5	9	21	7	22	18	11	14	9	17	23	17	24	7	38	26	14	9	9	17	49	7	0	8	4	20	2	6	4	15	6	5	31	13
ENSG00000196220	40	12	2	34	27	14	37	23	16	3	17	18	7	21	26	28	14	24	15	50	22	47	11	26	93	24	13	22	25	46	19	6	33	16	44	7	12	24	24	21	5	18	29
ENSG00000131238	1578	618	774	1186	931	438	2145	293	473	234	1168	843	468	1597	1009	792	909	798	1456	1311	1096	2025	1113	1555	1789	672	843	1701	3475	2829	891	429	515	864	1398	595	314	1073	2145	1065	1307	1005	1836
ENSG00000215206	2	0	0	2	0	1	0	1	1	0	0	0	0	0	1	1	0	3	1	3	1	0	0	0	1	0	1	1	0	1	0	0	0	1	1	0	0	0	1	0	0	1	0
ENSG00000232044	27	6	0	37	22	8	7	14	8	7	3	11	0	0	8	26	11	28	20	57	9	5	1	4	55	23	11	5	0	26	2	2	4	5	13	1	7	6	17	5	1	19	0
ENSG00000088451	414	77	171	226	189	113	532	130	296	93	223	186	59	321	415	153	93	571	168	238	364	491	187	180	429	59	75	315	617	394	168	60	119	79	242	103	163	151	185	73	137	172	315
ENSG00000257325	0	0	0	3	0	0	0	0	0	0	0	0	0	0	0	0	0	2	0	5	0	0	0	0	0	3	0	0	0	1	1	0	0	0	0	0	0	1	1	0	0	2	0
ENSG00000240057	35	4	18	34	28	19	30	24	33	11	22	14	2	13	29	25	10	38	20	34	43	36	9	11	53	20	16	17	42	46	10	5	7	16	53	7	18	13	29	12	6	17	22
ENSG00000279631	14	1	4	8	2	3	10	8	10	3	11	10	2	23	9	5	6	15	14	7	15	31	3	10	29	4	5	9	32	8	5	4	2	2	9	3	4	5	5	6	8	3	14
ENSG00000239001	2	0	0	1	0	0	0	0	0	0	0	0	0	0	0	0	1	0	0	0	0	0	0	0	0	0	0	0	0	0	0	0	0	0	1	0	0	0	1	2	0	0	0
ENSG00000099330	10	3	0	6	3	0	16	3	3	0	1	3	3	3	4	4	2	4	1	5	9	5	1	2	5	1	1	9	10	5	3	1	1	4	5	2	2	0	0	4	5	2	2
ENSG00000234890	2	0	0	5	0	3	1	2	0	0	1	2	1	0	1	3	1	3	2	7	0	0	1	0	0	2	0	0	0	6	4	1	0	1	4	1	0	3	1	1	0	1	0
ENSG00000155792	8	4	1	7	12	7	24	5	6	2	5	8	1	5	15	16	9	19	6	21	22	26	4	8	22	5	2	12	39	15	9	0	9	1	13	3	3	3	2	1	2	10	6
ENSG00000287464	3	2	0	2	0	1	1	1	0	0	0	0	0	0	0	4	0	0	0	6	1	0	0	0	10	0	1	0	0	3	1	0	0	1	6	0	0	0	2	0	0	1	1
ENSG00000266013	1	0	0	0	0	0	0	1	0	0	0	0	0	0	0	0	0	0	0	0	0	0	0	0	1	1	0	1	0	0	0	1	0	0	0	0	0	0	0	0	0	0	0
ENSG00000224028	1	1	0	3	1	0	0	0	0	0	0	0	0	0	0	1	1	1	0	5	1	1	1	0	1	2	0	0	0	2	0	1	0	0	2	0	0	0	2	3	0	1	0
ENSG00000218890	3	3	1	2	3	2	1	0	0	1	0	1	0	2	2	1	2	3	4	3	2	0	3	1	0	2	0	0	0	4	1	0	1	2	2	0	0	1	2	1	0	1	2
ENSG00000270372	0	0	0	0	0	0	0	0	0	0	0	0	0	0	0	0	0	1	1	1	0	0	1	0	0	1	1	0	0	0	0	0	0	0	1	0	0	0	1	0	0	1	0
ENSG00000101146	395	74	133	188	136	150	434	190	167	63	161	136	83	300	237	172	151	291	147	300	254	364	156	245	379	90	105	234	439	408	143	59	94	73	233	73	95	132	244	137	127	124	232
ENSG00000252219	0	0	0	0	0	0	1	0	0	0	0	0	0	0	0	0	2	0	3	0	0	0	0	1	0	0	0	0	0	0	0	0	0	0	0	0	0	0	0	0	0	0	0
ENSG00000105053	344	82	83	266	201	83	332	177	141	69	168	138	83	383	220	170	130	237	159	443	297	287	121	318	368	116	118	239	418	384	110	60	110	131	222	69	92	193	308	236	162	182	252
ENSG00000226724	1	2	0	6	1	0	0	1	0	0	0	1	0	0	0	0	0	4	3	4	2	0	0	2	4	2	4	0	0	5	3	0	1	0	1	0	0	0	0	0	0	0	0
ENSG00000197550	2	0	0	5	3	4	3	1	4	0	0	3	0	0	5	10	3	7	4	6	3	0	3	0	10	1	1	4	2	3	4	1	3	1	6	1	1	3	5	2	0	1	0
ENSG00000121671	230	47	78	104	141	50	268	77	109	54	154	84	32	124	174	101	69	170	63	165	175	249	72	139	313	41	61	173	325	253	70	23	75	78	147	39	84	78	152	102	61	94	144
ENSG00000272555	2	5	12	4	9	3	0	2	2	1	6	8	0	3	4	0	3	1	0	3	2	10	3	0	10	2	2	3	7	11	1	1	0	2	4	0	1	1	5	3	0	4	6
ENSG00000270593	3	0	0	5	0	0	1	1	1	0	0	1	0	0	0	1	0	1	2	0	1	0	0	0	1	0	0	0	0	3	2	0	0	0	0	0	1	0	1	0	0	0	0
ENSG00000269505	1	0	0	1	1	0	0	0	0	0	0	0	0	0	0	0	0	1	5	2	0	0	0	0	0	2	2	0	0	0	0	0	0	0	2	0	2	0	1	2	0	2	0
ENSG00000256691	2	1	0	2	0	1	0	2	1	0	0	0	0	0	0	5	1	1	2	0	1	0	0	0	3	1	0	0	0	0	0	0	1	0	1	0	0	0	0	1	0	0	0
ENSG00000100577	56	28	22	55	38	14	83	18	28	11	52	29	10	34	73	50	26	112	25	66	85	79	31	51	121	22	23	70	147	68	48	10	56	24	54	21	30	26	46	33	40	32	84
ENSG00000241406	1	0	0	0	0	0	0	0	1	0	0	0	0	0	0	0	0	0	0	0	0	0	0	1	3	0	0	0	0	2	0	0	0	1	0	0	0	0	0	1	0	0	0
ENSG00000241002	1	0	0	1	0	1	0	1	0	2	0	0	0	0	1	0	0	1	0	1	1	0	0	0	1	0	0	0	2	1	1	0	0	2	0	0	0	0	1	0	0	0	0
ENSG00000213963	48	14	9	49	18	14	92	33	37	16	54	27	4	26	65	32	17	47	21	73	55	68	22	25	63	19	13	54	94	37	27	14	35	14	46	13	18	45	38	17	10	12	38
ENSG00000235777	2	1	0	8	5	6	14	10	8	0	1	10	3	18	2	2	4	3	19	15	3	3	3	5	10	8	1	1	1	16	2	2	1	3	13	0	0	2	6	4	0	3	1
ENSG00000211590	0	0	0	0	0	3	0	0	0	0	0	0	0	0	0	2	0	0	0	2	0	0	0	0	1	0	0	0	0	0	0	0	0	0	1	0	0	0	0	0	0	0	0
ENSG00000216179	0	0	0	0	0	0	0	0	0	0	0	0	0	0	0	0	0	0	0	0	0	0	0	0	0	0	0	0	0	0	0	0	0	0	0	0	0	0	0	0	0	0	0
ENSG00000285858	6	0	0	4	2	0	0	1	0	0	1	0	1	0	0	0	3	1	1	2	0	0	1	0	5	0	0	0	0	4	0	0	1	0	1	0	1	0	0	0	0	0	0
ENSG00000230718	1	0	2	1	2	0	2	3	1	0	0	2	1	2	0	0	0	0	3	2	3	0	1	1	1	0	2	0	0	1	0	0	1	1	5	0	0	2	1	1	0	1	1
ENSG00000285800	3	4	0	6	7	1	1	2	1	0	1	5	0	0	0	0	1	3	4	5	2	0	1	2	11	1	1	0	0	5	3	1	0	1	3	1	5	2	1	2	1	1	0
ENSG00000231004	2	0	0	0	0	0	0	1	0	0	0	0	0	0	1	0	0	0	0	3	0	0	0	0	3	2	1	0	0	1	1	0	0	0	1	0	0	1	0	0	0	0	0
ENSG00000223450	1	0	0	1	0	1	0	0	2	0	0	0	0	0	0	0	0	1	0	3	0	0	0	0	2	2	0	0	0	2	0	0	0	0	3	0	0	1	0	0	0	2	0
ENSG00000284722	2	4	0	7	1	2	0	1	0	1	1	3	1	0	0	4	6	9	6	11	1	2	1	1	15	5	6	1	0	6	4	2	4	0	9	2	2	5	4	3	1	5	0
ENSG00000266052	1	0	0	0	0	0	0	0	1	0	0	1	0	0	1	0	0	0	0	1	0	0	0	0	2	1	0	0	0	0	1	0	0	0	0	0	0	0	0	0	0	0	0
ENSG00000078114	45	7	90	363	177	14	291	226	151	13	141	131	9	390	69	338	82	229	170	2320	112	475	131	40	78	47	97	101	303	49	80	108	111	142	277	113	7	631	122	140	9	381	192
ENSG00000259026	0	3	0	5	5	1	1	4	1	1	0	0	0	0	1	2	1	1	8	5	3	0	0	0	11	2	1	0	0	5	0	0	0	0	5	0	0	0	2	0	0	1	0
ENSG00000263923	2	0	0	5	0	0	0	3	2	0	0	1	0	0	1	1	2	3	2	3	0	0	0	2	6	0	0	0	4	4	0	0	1	1	0	1	1	0	3	0	0	0	0
ENSG00000235136	0	0	0	0	0	0	0	0	0	0	0	0	0	0	0	0	0	0	0	1	0	0	0	0	0	1	0	1	0	1	0	0	0	0	0	0	0	0	1	0	0	1	0
ENSG00000211638	221	5	34	72	13	93	284	82	178	13	5	36	6	91	255	22	61	236	45	9	110	34	30	25	174	6	11	39	35	62	23	37	8	7	12	57	15	32	33	2	16	47	14
ENSG00000181852	646	233	389	616	423	245	932	314	311	164	368	396	185	715	550	547	324	604	401	788	561	778	398	649	861	266	205	549	1131	757	311	140	189	239	591	219	259	434	626	301	524	304	599
ENSG00000167553	1360	375	379	346	341	193	748	217	312	231	328	262	95	338	660	418	391	858	199	446	748	426	429	398	549	134	168	571	788	741	238	101	198	246	229	136	147	222	513	276	300	243	452
ENSG00000251818	1	0	0	1	0	0	0	0	0	0	0	0	0	0	0	0	0	1	3	0	0	0	0	0	0	0	0	0	0	0	1	0	0	0	2	0	0	0	0	0	0	0	0
ENSG00000205946	0	0	0	0	0	0	0	0	0	0	0	2	0	0	0	0	0	1	0	0	0	0	0	0	0	0	0	0	0	0	0	1	0	0	0	0	0	0	0	0	0	0	0
ENSG00000082258	1726	543	1057	1979	1882	1070	3587	1606	1670	598	1580	1594	681	3139	2027	1243	756	1616	1533	2569	1985	3385	953	2365	2990	763	872	1613	4188	2826	1101	455	805	977	1996	730	894	1600	1727	975	787	1067	2629
ENSG00000273554	0	0	0	0	0	0	0	2	0	0	0	1	0	0	0	2	0	1	1	0	0	0	0	0	1	0	0	0	0	0	1	0	0	0	2	0	0	0	1	0	0	0	0
ENSG00000116062	2056	430	465	907	638	690	1934	574	873	470	835	553	226	1056	1841	535	600	2136	853	961	1910	1589	688	997	1594	339	562	1325	2497	2218	754	261	729	382	1098	414	506	494	1225	465	501	759	908
ENSG00000267182	0	0	0	0	0	0	0	0	0	0	0	0	0	0	0	1	0	0	0	0	0	0	0	0	2	0	0	0	0	0	0	0	0	0	0	0	0	0	0	0	0	0	0
ENSG00000254496	1	0	0	1	0	0	0	0	1	0	0	1	0	0	0	0	0	1	0	0	0	0	0	0	2	0	1	0	0	0	0	0	0	0	1	1	0	1	0	0	0	2	0
ENSG00000235532	29	20	16	56	119	38	78	67	100	16	93	40	30	65	57	97	6	30	29	152	82	324	83	143	71	32	55	169	269	163	123	31	161	50	118	35	156	53	112	54	50	35	178
ENSG00000207139	3	2	5	5	4	1	14	3	10	3	7	4	1	13	6	2	1	6	8	11	0	23	0	2	6	1	2	6	11	8	1	3	3	2	13	5	1	7	7	4	0	0	2
ENSG00000282842	3	0	0	3	4	1	0	1	0	0	1	5	0	0	2	1	1	2	3	1	0	0	0	3	6	4	0	1	0	0	0	1	0	0	0	0	0	0	0	0	0	2	0
ENSG00000263235	8	1	3	9	6	4	18	8	9	3	4	6	3	3	14	3	1	8	3	11	16	24	5	4	7	2	2	10	17	15	4	4	6	2	18	3	1	2	10	5	1	4	9
ENSG00000211855	22	2	5	6	11	4	14	8	14	3	14	14	4	4	13	6	3	11	8	7	18	39	10	18	25	2	11	40	51	41	6	2	21	12	19	7	21	7	9	16	4	5	18
ENSG00000175841	23	2	1	7	1	6	15	2	6	1	6	1	0	4	21	6	4	16	9	5	4	10	2	0	10	2	2	16	14	11	4	0	7	0	9	2	3	4	9	4	3	2	4
ENSG00000186577	32	11	23	20	16	6	24	13	10	4	11	12	1	33	19	39	13	15	11	13	16	34	6	15	39	7	15	14	16	28	13	8	7	7	12	4	7	6	17	12	19	13	15
ENSG00000197943	1279	436	915	1975	1311	821	3891	1310	1037	517	1441	1329	499	3305	1676	1757	944	1633	924	2703	2224	2276	921	1887	2758	905	678	1242	3755	2469	949	531	654	712	1752	757	762	1904	1767	1531	1014	1303	1513
ENSG00000224634	0	0	0	3	0	0	0	0	1	1	0	0	0	0	0	1	1	4	4	6	0	0	0	0	4	1	0	0	0	1	1	1	0	0	3	1	0	0	0	0	0	0	0
ENSG00000154222	144	66	68	190	109	65	321	64	100	49	133	143	33	144	193	89	89	202	87	263	170	230	82	163	204	45	68	218	387	238	106	33	84	77	169	55	105	127	199	135	75	92	171
ENSG00000271327	31	11	19	63	35	25	69	23	17	22	29	43	14	88	37	27	20	21	47	51	27	66	18	51	68	13	18	33	62	64	12	9	16	37	80	17	13	67	29	35	31	25	26
ENSG00000274863	1	2	0	3	5	0	0	0	1	0	1	0	0	0	1	2	0	4	2	7	1	0	1	2	5	5	1	0	3	7	1	0	0	0	5	1	0	1	4	0	0	1	0
ENSG00000224310	2	4	0	7	4	0	0	0	0	1	1	2	0	0	1	1	3	4	1	3	0	0	2	4	16	2	1	0	0	6	1	0	0	0	1	0	0	0	1	0	0	2	0
ENSG00000047315	4944	1488	1325	3247	1929	1090	5723	1618	2203	1145	2117	1807	710	3521	4399	2177	1627	3569	2105	3005	4200	4602	2543	3086	5569	1014	1298	3401	8141	4721	2473	872	1572	1195	2501	1325	1670	1870	2424	1292	2382	2110	2627
ENSG00000275186	0	1	0	0	0	0	0	0	0	0	0	0	0	0	0	0	0	1	0	0	0	0	0	0	0	0	0	0	0	0	1	0	0	0	0	0	0	0	0	0	0	1	0
ENSG00000215866	2	4	0	3	9	1	1	1	0	1	0	1	0	0	3	2	1	5	2	6	0	0	1	0	7	5	2	0	0	2	2	0	0	0	6	0	0	2	4	1	0	3	0
ENSG00000186281	50	2	0	7	4	0	33	2	5	1	2	3	0	1	6	2	14	27	4	9	10	10	6	2	16	3	4	3	12	12	9	0	2	1	4	1	6	1	8	2	4	5	2
ENSG00000199994	0	0	0	0	0	1	0	1	0	0	0	0	0	0	0	0	0	0	0	0	0	0	0	0	0	0	0	0	0	0	0	0	0	0	0	0	0	0	0	0	0	0	0
ENSG00000268458	2	0	0	1	0	1	0	1	1	3	0	0	0	1	0	0	1	2	0	1	1	2	0	1	3	0	0	0	0	2	0	0	1	0	2	1	0	0	0	0	0	3	0
ENSG00000244550	0	0	0	0	0	0	0	0	0	0	0	0	0	0	0	0	0	0	0	0	0	0	0	0	0	0	0	0	0	0	0	0	0	0	0	0	0	0	0	0	0	0	0
ENSG00000143217	3	0	1	1	2	1	3	0	0	0	0	0	0	0	1	1	0	3	0	6	0	0	2	0	7	2	2	1	0	2	2	0	1	0	2	0	1	1	2	1	0	0	0
ENSG00000232394	0	3	0	0	2	0	1	0	0	0	0	0	0	0	0	2	0	1	0	0	1	0	0	0	0	0	0	0	0	3	0	1	0	0	0	0	0	0	0	0	0	0	0
ENSG00000162636	1043	363	578	495	633	448	1392	362	588	308	807	514	210	323	857	575	360	1174	373	902	1037	1536	531	651	1148	359	366	943	1458	1049	492	184	361	259	526	238	272	378	519	312	353	397	869
ENSG00000115159	1384	721	739	1542	819	528	1785	965	594	495	1040	842	258	1542	1298	833	707	1220	1233	1198	1265	2247	780	910	1573	427	466	890	2036	1542	688	394	438	548	1391	522	335	1099	1130	646	706	665	1183
ENSG00000271086	7	6	0	14	15	5	1	4	5	2	2	5	3	1	2	3	7	11	14	16	7	1	5	4	37	5	3	2	0	10	4	0	0	7	4	2	2	0	1	3	0	2	2
ENSG00000277670	2	1	0	0	0	0	0	0	0	0	0	0	0	0	0	0	0	2	0	0	0	0	0	0	2	0	0	0	0	0	0	0	0	0	0	0	0	0	1	0	0	1	0
ENSG00000044115	1217	672	883	950	895	414	3008	704	326	421	886	677	591	702	1233	734	1288	983	839	2062	1081	2165	1186	2143	2276	675	666	803	2105	1711	941	353	409	811	1420	561	284	884	1168	1120	1446	788	1056
ENSG00000223350	80	4	7	24	43	28	868	8	65	5	0	28	0	23	129	8	62	77	15	4	55	2	2	1	35	2	6	34	11	8	5	2	14	6	2	1	11	3	4	11	3	67	5
ENSG00000269353	1	1	0	4	2	1	2	0	0	0	0	0	0	0	0	2	3	2	2	6	3	1	0	1	6	2	3	1	0	5	0	0	3	0	1	0	0	1	0	0	1	0	0
ENSG00000203914	6	0	1	13	4	3	4	2	0	1	1	1	0	0	2	3	1	4	4	7	4	1	0	3	9	2	1	0	1	3	2	1	1	2	6	0	1	1	1	1	0	1	0
ENSG00000207590	1	0	0	0	0	0	0	0	0	0	0	1	0	0	0	1	0	0	0	0	0	0	0	0	0	0	0	0	0	0	0	0	0	0	0	0	0	0	0	0	0	0	0
ENSG00000219592	0	0	0	0	0	0	0	1	0	0	0	0	0	0	0	0	2	0	0	0	0	0	0	0	0	0	0	0	0	0	0	0	0	0	0	0	0	0	0	0	0	0	0
ENSG00000212694	21	5	10	28	29	10	60	28	26	9	17	25	10	47	28	19	7	21	10	35	31	45	18	34	41	6	6	32	39	39	14	1	13	15	28	10	34	10	24	18	11	13	27
ENSG00000278395	0	0	0	0	0	0	0	0	0	0	0	0	0	0	0	0	0	0	0	0	0	0	0	0	0	0	0	0	0	0	0	0	0	0	0	0	0	0	0	0	0	0	0
ENSG00000273320	23	8	19	45	35	14	34	12	12	3	7	32	14	72	11	17	34	11	22	54	7	20	10	118	46	25	26	9	27	21	8	5	3	18	16	8	9	29	36	18	17	38	35
ENSG00000251779	0	0	0	0	0	0	0	0	0	0	0	0	0	0	0	0	0	0	0	0	0	0	0	0	1	0	0	0	0	0	0	0	0	0	0	0	0	0	1	0	0	0	0
ENSG00000280431	4	2	0	0	2	0	2	1	0	1	0	1	0	0	1	0	3	5	2	2	0	0	0	0	10	3	0	0	0	4	0	0	1	0	0	0	2	1	4	1	0	0	0
ENSG00000237877	23	19	21	60	57	29	120	39	61	18	73	46	9	28	65	30	20	49	33	76	60	105	21	47	75	26	16	71	127	65	38	19	35	19	123	17	46	31	38	20	14	30	60
ENSG00000281550	0	0	0	0	0	0	0	0	0	0	0	0	0	0	0	0	0	0	0	0	0	0	0	0	0	0	0	0	0	1	0	0	0	0	0	0	0	0	0	0	0	0	0
ENSG00000088766	59	18	38	46	59	39	148	39	73	17	84	48	13	45	84	50	29	70	24	107	58	149	27	57	46	20	22	57	93	100	29	10	37	22	73	19	24	41	73	42	18	23	51
ENSG00000249581	1	1	0	0	2	2	1	0	0	0	1	1	0	0	1	0	0	1	0	3	0	0	0	0	0	0	0	0	0	1	0	0	0	0	0	2	0	0	0	0	0	0	0
ENSG00000284825	8	3	8	14	7	4	31	6	10	4	8	14	0	3	6	3	6	11	3	13	21	20	6	2	28	2	2	5	24	14	5	3	6	1	12	2	6	5	5	3	3	11	15
ENSG00000143921	14	3	0	12	11	3	3	3	2	2	0	3	1	0	5	9	8	9	3	16	3	1	2	3	44	5	3	2	1	9	2	0	3	5	9	0	0	2	8	0	0	2	1
ENSG00000288081	0	0	0	2	0	0	0	0	0	0	0	0	0	0	0	0	0	0	2	1	0	1	0	0	1	1	0	0	0	0	1	0	0	0	0	0	0	0	0	0	0	0	0
ENSG00000244245	2	0	0	0	0	1	2	0	1	1	0	2	1	0	0	1	1	0	0	2	1	1	0	0	2	1	0	0	0	1	1	1	2	1	0	0	2	0	1	1	0	1	1
ENSG00000283421	0	1	0	3	0	0	0	3	0	0	0	1	0	0	0	1	0	2	3	3	1	0	0	0	2	1	0	1	0	2	0	0	0	0	0	0	1	0	0	1	0	1	0
ENSG00000270552	3	1	0	1	0	2	2	1	0	0	0	1	0	0	0	0	0	1	2	4	0	0	0	1	0	2	2	1	0	2	1	0	2	1	0	0	0	3	0	1	0	2	0
ENSG00000234650	2	4	0	13	5	1	2	6	5	0	4	2	0	0	2	1	1	4	3	8	2	1	0	0	6	5	0	0	0	9	3	0	0	1	1	2	2	1	1	1	0	3	0
ENSG00000251014	1	0	3	1	4	0	13	0	1	0	2	6	0	1	3	0	1	6	1	0	6	4	1	0	5	1	2	4	2	1	1	1	3	6	1	0	0	1	0	1	1	0	3
ENSG00000198211	0	0	0	0	0	0	0	0	0	0	0	0	0	0	0	0	0	0	0	0	0	0	0	0	0	0	0	0	0	0	0	0	0	0	0	0	0	0	0	0	0	0	0
ENSG00000285752	8	1	2	8	5	10	7	6	2	1	3	3	0	1	5	3	5	3	4	13	11	1	2	3	11	2	1	2	8	19	1	1	4	1	7	0	3	2	8	2	0	5	3
ENSG00000223986	1	0	0	0	1	0	0	1	0	0	0	0	0	0	0	0	0	1	0	0	0	0	0	0	2	0	1	0	0	1	0	0	1	0	0	0	0	0	0	0	0	0	0
ENSG00000207930	0	0	0	1	1	0	0	0	0	0	0	0	0	0	0	0	0	1	2	2	0	0	0	0	0	0	0	0	0	1	0	0	0	0	1	0	0	0	0	0	0	0	0
ENSG00000143457	325	45	143	291	261	148	757	147	219	78	251	153	74	315	325	299	98	314	184	211	475	347	94	243	397	105	88	339	580	418	145	67	141	88	368	95	160	194	574	129	96	231	261
ENSG00000132612	141	34	52	87	62	34	134	45	62	27	46	69	24	73	85	108	50	102	52	118	95	105	54	78	150	25	46	108	140	147	45	5	25	51	90	25	52	37	90	49	44	51	88
ENSG00000272549	0	0	0	5	2	1	0	1	0	0	0	0	0	0	0	3	4	2	1	0	1	0	0	2	10	0	1	0	0	3	0	0	0	0	1	1	0	0	0	0	0	2	0
ENSG00000225612	1	1	1	3	2	0	7	3	0	0	1	2	0	0	1	1	0	2	0	3	0	8	0	0	6	0	4	1	3	1	1	1	0	3	1	0	1	0	0	0	3	0	4
ENSG00000258534	1	0	0	1	0	0	0	0	1	0	1	0	0	0	1	1	0	0	0	0	1	0	1	0	1	2	0	0	0	4	2	0	0	0	0	0	0	1	0	0	0	0	0
ENSG00000286731	0	1	0	1	0	0	0	1	2	0	1	0	0	0	0	1	0	1	2	0	1	1	1	0	4	3	0	0	0	2	0	0	0	0	1	0	1	0	2	0	0	2	0
ENSG00000185269	0	1	0	0	1	0	0	0	0	0	0	0	1	0	0	0	0	1	1	0	0	0	1	1	3	0	0	1	0	0	0	0	0	0	0	0	2	0	0	0	0	2	0
ENSG00000270111	13	2	0	18	7	2	0	4	4	3	0	5	0	0	1	10	10	14	6	12	4	2	3	3	25	12	0	0	0	16	4	1	5	5	9	2	1	1	1	1	0	4	0
ENSG00000163481	170	52	96	96	77	48	193	54	78	33	65	52	24	98	153	141	54	148	75	123	131	154	71	89	204	23	45	130	280	168	72	15	47	31	85	19	64	45	104	40	93	74	106
ENSG00000287879	5	0	2	1	4	3	3	4	2	0	4	3	1	0	3	6	5	8	2	4	2	0	1	1	8	1	3	3	1	8	2	2	0	2	1	0	0	0	2	4	0	2	0
ENSG00000283845	0	0	0	0	0	0	0	0	0	0	0	0	0	0	0	0	0	0	0	0	0	0	0	0	0	0	0	0	0	0	0	0	0	0	0	0	0	0	0	0	0	0	0
ENSG00000288629	0	0	0	0	0	0	0	0	0	0	0	0	0	0	0	0	0	0	0	0	0	0	0	0	0	0	0	0	0	0	0	0	0	0	0	0	0	0	0	0	0	0	0
ENSG00000240590	0	1	0	2	0	0	0	0	0	0	0	0	0	0	0	0	0	0	4	1	1	0	1	0	1	0	1	0	0	4	0	0	0	0	1	0	0	0	0	0	0	0	0
ENSG00000145868	2620	1338	1575	3408	2504	1148	5605	1857	1756	855	1519	2853	1015	3291	3268	1917	1574	1830	2485	6266	2583	3818	2454	3902	3641	1809	1367	1835	4826	3223	1701	899	1047	1771	3492	1209	1050	3007	3973	1958	1850	1758	3154
ENSG00000070669	9	2	5	15	5	7	17	8	14	5	15	11	2	12	12	4	5	5	5	14	12	21	5	6	18	4	2	13	33	20	6	4	9	5	18	5	6	9	6	8	0	11	8
ENSG00000219451	1	3	2	1	0	0	4	2	0	0	1	0	0	0	1	0	0	0	2	0	3	1	0	1	2	0	0	0	1	1	0	0	1	0	0	0	1	2	0	0	0	2	0
ENSG00000279214	0	0	0	0	0	0	2	0	0	0	5	1	0	0	0	0	0	0	0	8	1	2	1	0	1	1	0	1	3	1	3	0	0	1	0	0	1	3	0	0	0	1	4
ENSG00000234921	2	1	0	1	0	1	0	0	0	0	0	0	0	0	0	0	0	1	0	0	1	0	0	1	4	1	1	1	0	0	0	0	0	0	0	0	0	0	0	0	1	2	0
ENSG00000198899	118	160	400	176	157	54	307	102	51	67	121	196	28	68	129	2096	159	156	178	128	65	141	25	72	102	114	84	578	195	220	76	45	60	279	257	65	26	126	347	94	78	147	153
ENSG00000178585	14	7	5	9	6	4	18	5	9	3	7	6	3	8	4	11	3	16	10	13	9	27	7	14	22	7	8	16	19	10	5	1	7	6	12	5	0	12	13	7	9	8	24
ENSG00000157306	14	10	11	19	15	2	40	7	9	5	15	13	3	7	16	4	7	16	11	24	20	35	7	13	16	8	9	18	33	24	10	6	6	16	12	6	10	6	27	14	2	8	19
ENSG00000283733	0	0	0	0	0	0	0	0	0	0	0	0	0	0	0	0	0	0	0	0	0	0	0	0	0	0	0	0	0	0	0	0	0	0	0	0	0	0	0	0	0	0	0
ENSG00000280049	1	0	0	2	3	0	0	0	0	0	0	0	0	0	1	0	2	0	3	6	0	0	0	0	3	1	1	0	0	1	0	0	1	1	2	1	0	0	2	0	0	1	0
ENSG00000267750	14	4	1	14	13	5	7	11	8	2	2	11	3	9	12	12	9	12	9	109	20	17	4	6	33	14	2	7	30	13	2	0	6	3	25	3	2	4	9	4	9	9	17
ENSG00000257773	3	1	0	3	2	0	1	0	0	2	2	3	0	2	0	3	2	1	1	7	1	4	1	1	5	1	1	1	2	7	2	1	1	0	2	0	0	1	4	1	1	1	1
ENSG00000184730	229	210	147	534	252	119	322	356	145	99	175	223	55	1072	310	272	231	212	371	529	248	108	165	598	318	242	134	267	364	319	229	106	107	436	411	122	71	417	562	431	337	170	251
ENSG00000248362	0	2	0	0	0	0	0	0	0	0	0	0	0	0	0	2	0	0	1	0	0	0	0	0	0	0	0	0	0	2	0	0	0	0	0	0	0	0	0	0	0	0	0
ENSG00000215930	5	0	0	2	1	2	2	1	1	0	1	2	0	3	1	1	0	1	0	0	0	4	0	0	5	0	3	4	8	2	0	0	1	0	4	0	0	1	3	0	0	1	4
ENSG00000253138	4	7	0	8	0	0	1	3	1	2	2	1	0	0	3	3	3	4	7	3	2	0	2	0	6	10	2	0	1	2	1	1	0	2	1	0	0	1	3	0	0	2	0
ENSG00000240254	5	2	3	9	7	6	3	4	2	0	0	1	0	1	2	6	8	8	4	11	6	0	2	1	9	4	4	2	0	5	0	3	1	2	5	1	3	5	4	3	2	4	0
ENSG00000275982	0	0	0	0	0	0	0	0	0	0	0	0	0	0	0	0	0	0	0	0	0	0	0	0	0	0	0	0	0	0	0	0	0	0	0	0	0	0	0	0	0	0	0
ENSG00000213735	2	1	0	3	4	2	0	1	2	1	2	3	0	1	0	2	1	1	1	1	0	0	0	2	6	3	0	1	0	0	0	0	0	1	0	0	0	0	0	0	0	2	3
ENSG00000187550	0	0	0	2	0	0	0	0	0	0	0	1	1	0	0	0	0	1	0	0	0	0	0	0	0	0	0	0	0	1	0	0	0	1	0	0	0	0	0	0	0	1	0
ENSG00000181101	1	0	0	0	0	0	2	2	0	0	0	0	0	0	0	0	1	0	0	0	0	0	0	0	1	0	0	1	1	0	0	0	1	0	0	0	0	0	1	1	0	0	0
ENSG00000286454	2	2	0	5	2	2	1	0	0	0	0	0	0	0	0	3	3	6	2	7	5	0	0	2	10	3	2	1	0	6	1	1	1	2	2	0	1	1	2	1	0	2	0
ENSG00000258357	21	7	3	8	11	2	22	3	10	5	7	4	3	7	9	4	2	6	5	12	7	4	3	15	15	7	0	9	14	6	3	1	2	6	10	1	7	3	4	3	6	8	9
ENSG00000077312	86	12	27	48	40	23	101	28	34	7	44	28	9	81	64	36	36	75	25	36	60	93	18	72	74	11	23	123	113	124	22	10	33	24	38	8	33	28	76	35	18	25	50
ENSG00000284981	0	0	0	0	0	0	0	0	0	0	0	0	0	0	0	0	0	0	0	0	0	0	0	0	0	0	0	0	0	0	0	0	0	0	0	0	0	0	0	0	0	0	0
ENSG00000234397	1	0	0	0	1	0	0	0	0	0	0	0	0	0	0	0	1	2	0	0	0	0	0	0	3	0	0	0	0	3	0	0	0	0	1	0	0	0	0	0	0	0	0
ENSG00000206846	6	1	0	0	0	0	6	1	1	1	1	1	0	0	0	0	1	2	0	2	0	1	2	2	0	2	0	0	3	2	0	0	0	0	2	0	2	3	9	1	0	0	0
ENSG00000255403	2	0	0	5	3	0	1	2	0	1	0	3	0	0	0	0	4	6	5	1	2	0	0	0	2	4	0	0	0	6	0	0	1	0	0	0	1	0	1	0	0	0	0
ENSG00000132275	293	63	96	186	152	90	414	132	171	82	158	124	48	209	234	138	130	269	98	252	245	484	135	185	367	56	96	274	584	349	168	40	136	77	243	79	118	136	234	150	123	136	297
ENSG00000237628	2	0	2	2	1	0	5	4	8	0	3	1	0	0	2	2	0	1	1	3	3	5	0	1	5	1	1	3	3	4	2	0	2	0	2	0	1	1	6	2	0	2	2
ENSG00000204160	503	259	620	1096	790	439	1084	1015	317	123	349	732	438	2405	470	1185	587	348	683	1567	434	812	281	1641	800	808	518	359	1051	1091	298	248	202	659	830	328	244	1062	1581	1129	754	690	902
ENSG00000284716	1	0	0	1	1	2	2	1	0	0	2	0	0	0	0	1	1	1	2	2	1	1	0	0	3	0	0	1	0	1	0	0	0	0	2	0	1	0	1	0	3	0	0
ENSG00000221040	2	0	0	1	0	0	0	0	0	0	0	0	0	0	0	1	0	1	0	0	0	0	0	0	1	0	0	0	0	0	0	0	0	0	0	0	0	0	1	0	0	0	0
ENSG00000240905	0	0	0	2	2	1	0	0	0	0	1	0	1	0	1	0	0	0	0	2	0	0	0	2	4	0	0	0	0	0	0	0	0	1	1	0	0	0	1	0	0	2	0
ENSG00000115310	1388	818	1915	1871	2197	1283	4472	1726	1079	608	1429	1802	695	4979	1746	1424	1089	1451	1997	2581	1334	3527	1215	2519	2055	947	1066	1175	2880	2083	963	546	546	1177	1912	806	533	1745	2409	928	869	1153	2580
ENSG00000224122	5	2	0	1	1	2	0	1	1	0	2	0	0	0	1	0	2	2	0	7	1	0	0	0	2	2	0	0	0	3	0	0	0	3	1	0	0	3	0	0	0	0	0
ENSG00000119669	89	30	136	133	73	36	122	76	42	17	52	63	65	152	71	118	83	54	86	164	77	71	34	182	114	51	39	122	125	167	21	21	23	35	99	25	43	84	108	101	48	53	110
ENSG00000248946	4	0	1	3	1	0	0	1	1	0	0	1	0	0	0	1	0	3	3	3	0	0	1	0	0	1	0	0	0	0	0	0	0	0	2	0	2	0	1	0	0	1	0
ENSG00000257829	2	1	0	0	1	0	0	0	0	1	0	0	0	0	0	1	0	3	1	0	0	0	0	0	7	2	1	0	0	0	0	0	0	0	0	0	0	0	0	1	0	0	0
ENSG00000279589	8	1	10	13	10	5	41	4	10	4	16	13	3	13	11	8	6	13	0	14	17	24	8	10	22	2	4	19	31	20	11	4	9	7	21	2	5	13	10	10	0	6	15
ENSG00000240427	0	1	0	1	1	0	1	0	0	1	0	2	0	0	1	0	0	0	0	6	1	0	0	0	1	0	0	0	0	1	0	0	0	0	0	0	1	0	0	1	0	0	0
ENSG00000186063	343	87	186	331	548	151	709	229	235	91	379	330	63	325	258	233	149	302	421	1628	438	850	163	280	752	152	122	354	714	497	161	64	207	120	500	138	139	200	353	147	184	194	645
ENSG00000286591	3	0	1	10	3	1	0	4	0	0	1	4	0	0	3	1	2	4	2	5	1	1	0	0	7	4	2	1	1	4	1	2	2	1	6	0	0	2	3	0	0	2	0
ENSG00000270574	103	60	53	250	133	62	171	155	104	50	77	224	42	431	205	139	33	109	341	742	143	269	112	185	200	155	81	119	274	318	74	61	53	89	514	69	69	241	227	86	60	111	184
ENSG00000223829	6	1	0	3	7	2	0	3	1	0	0	3	0	0	2	0	0	4	1	6	1	0	1	1	6	0	0	0	0	7	2	0	1	0	6	0	0	2	2	1	0	3	0
ENSG00000284673	0	0	0	0	0	0	0	0	0	0	0	0	0	0	0	0	0	0	0	0	0	0	0	0	0	0	0	0	0	0	0	0	0	0	0	0	0	0	0	0	0	0	0
ENSG00000243720	0	0	0	4	0	0	0	0	0	0	0	0	0	0	0	1	1	0	0	1	0	0	0	0	3	2	0	1	0	1	0	0	1	0	0	0	0	0	0	0	0	1	1
ENSG00000180376	618	370	388	526	783	346	1562	520	622	226	452	366	182	574	617	437	316	519	506	839	934	1118	437	746	1099	303	251	955	1541	747	299	128	461	294	544	170	468	354	452	189	454	402	942
ENSG00000255446	0	1	0	0	1	1	1	1	0	4	2	1	0	1	0	4	1	2	2	0	1	0	1	0	5	3	2	2	1	3	1	0	1	1	1	1	0	0	1	0	0	1	1
ENSG00000010319	14	4	0	9	2	6	5	7	7	3	3	6	1	10	4	8	5	11	11	9	9	8	3	6	16	6	1	8	21	7	6	1	4	6	1	2	4	8	7	3	0	6	1
ENSG00000254131	0	0	0	0	0	0	0	0	0	0	0	0	0	0	0	0	0	0	0	2	1	0	0	0	1	0	0	0	0	0	0	0	0	0	0	0	0	0	0	0	0	0	0
ENSG00000159712	18	9	1	26	13	8	23	18	11	16	3	7	8	2	28	10	9	29	21	44	15	14	10	12	33	21	2	24	80	66	25	7	8	10	12	7	24	13	15	1	15	11	7
ENSG00000241484	1	1	0	5	2	5	1	0	1	0	0	2	0	0	0	3	0	6	0	2	0	0	0	0	6	1	2	4	3	0	0	2	3	0	2	0	0	1	1	1	1	1	0
ENSG00000074356	1169	338	440	1018	710	452	1784	729	663	330	690	650	188	992	1010	623	464	931	449	1664	957	1395	498	772	1193	387	414	922	1714	1148	478	235	445	429	989	359	311	787	1054	783	442	493	781
ENSG00000199311	0	0	0	0	0	0	0	0	0	0	0	0	0	0	0	0	0	0	0	0	0	0	0	0	1	0	0	0	0	0	0	0	0	0	0	0	0	0	0	0	0	0	0
ENSG00000145861	5	2	0	5	0	0	0	0	3	0	1	0	0	0	0	0	2	4	4	4	0	2	1	1	9	0	2	0	0	3	0	0	2	0	1	0	1	1	1	2	0	1	0
ENSG00000007384	1	1	0	10	1	0	3	2	1	1	1	3	1	0	1	2	0	2	0	1	0	3	0	1	8	2	2	2	2	2	0	0	1	1	2	0	1	1	1	3	1	3	0
ENSG00000266963	0	0	0	0	0	0	0	0	0	0	0	0	0	0	0	0	0	0	0	0	0	1	0	0	0	0	0	0	0	0	0	0	0	0	0	0	0	0	0	0	0	0	0
ENSG00000261457	2	2	1	5	4	0	1	0	0	1	0	3	0	0	3	4	0	5	4	7	2	1	0	3	11	3	0	0	1	1	0	2	1	0	3	0	2	1	0	2	1	3	0
ENSG00000232314	0	2	0	1	0	0	0	1	0	0	0	0	0	0	1	0	2	3	1	3	0	0	0	0	1	0	1	0	0	1	0	0	0	0	4	0	0	2	1	0	0	0	0
ENSG00000231691	2	1	0	2	2	1	0	0	1	1	0	0	0	0	0	0	1	1	2	0	1	1	0	0	9	2	0	1	0	1	0	0	0	1	1	0	0	1	0	0	0	1	0
ENSG00000199444	0	0	0	0	0	0	0	0	1	0	0	0	0	0	0	0	1	0	1	0	0	0	0	0	0	0	0	0	0	0	0	0	0	0	0	0	0	0	0	0	0	0	0
ENSG00000271499	0	0	0	0	2	0	1	1	0	0	0	0	0	0	0	1	1	0	0	2	0	0	0	0	1	1	0	0	0	0	0	0	0	0	0	0	0	0	0	0	0	0	0
ENSG00000272167	3	1	0	3	2	1	0	0	0	0	0	1	0	0	1	2	2	3	0	2	0	0	0	3	2	2	1	1	0	0	0	0	0	0	0	0	0	0	1	0	0	3	0
ENSG00000222268	0	0	0	0	2	0	2	1	0	0	0	0	1	0	2	0	0	0	0	0	3	1	1	0	0	1	1	4	0	0	0	0	1	1	0	1	0	0	1	0	0	0	0
ENSG00000254089	3	1	0	2	4	2	0	4	0	2	0	1	0	0	0	4	0	5	4	4	4	0	0	0	5	6	2	0	0	4	3	0	2	1	3	1	3	1	3	2	0	2	0
ENSG00000252640	1	0	0	0	0	0	0	0	0	0	0	0	0	0	0	0	0	0	0	0	0	0	1	0	1	0	0	0	0	1	0	0	0	0	0	0	0	0	0	0	0	0	0
ENSG00000222741	0	0	0	1	0	0	0	0	0	0	0	0	0	0	1	0	0	0	0	0	0	0	0	0	2	0	0	0	0	0	0	0	1	0	0	0	0	0	0	0	0	0	0
ENSG00000285734	9	5	0	7	6	1	1	1	4	1	4	1	1	0	1	4	5	5	6	5	4	0	1	0	16	4	1	0	0	5	2	0	2	2	8	3	0	0	2	0	0	3	0
ENSG00000253940	0	0	0	0	1	0	0	0	1	0	0	0	0	0	1	0	1	0	0	1	0	0	0	0	0	0	0	0	0	0	1	0	0	0	0	0	0	0	3	1	0	0	0
ENSG00000129559	185	52	63	100	74	53	204	68	89	26	58	63	38	105	91	106	57	136	58	118	129	133	66	84	153	49	37	99	153	142	41	14	26	47	99	18	50	40	68	39	80	80	113
ENSG00000186051	4	1	2	2	0	0	2	1	0	0	3	2	0	0	2	1	2	0	0	2	0	1	2	0	5	0	0	0	0	2	0	0	0	0	1	0	0	0	0	0	2	0	0
ENSG00000254893	251	62	92	116	164	61	206	61	78	30	98	71	33	119	156	54	83	155	71	168	182	193	103	187	299	54	35	109	350	188	97	31	52	61	69	35	54	86	72	50	150	99	229
ENSG00000199782	0	0	0	0	0	0	0	0	0	0	0	0	0	0	0	0	0	0	0	0	0	0	0	0	2	0	0	0	0	0	0	0	0	0	0	0	0	0	0	0	0	0	0
ENSG00000175518	10	1	3	12	17	12	12	4	9	2	11	7	4	48	21	5	4	8	21	15	7	6	3	7	13	2	8	4	10	22	0	2	3	10	40	7	0	12	45	5	1	10	7
ENSG00000286111	0	0	0	0	0	0	0	0	0	0	0	0	0	0	0	0	0	0	0	0	0	0	0	0	0	0	0	0	0	0	0	0	0	0	0	0	0	0	0	0	0	0	0
ENSG00000234701	0	0	0	1	3	0	0	0	0	0	0	0	0	0	0	0	0	3	1	4	0	0	0	0	0	0	0	0	0	2	1	0	0	0	1	0	0	2	1	0	0	0	0
ENSG00000222522	0	0	0	1	0	0	0	0	1	0	0	0	0	0	2	0	0	1	0	0	2	0	0	3	1	0	1	0	0	2	0	0	0	0	0	0	0	0	0	1	0	0	0
ENSG00000256683	443	193	197	481	328	188	682	221	301	111	261	216	122	711	420	258	185	235	378	618	426	598	288	605	724	209	191	421	1001	620	271	152	195	258	460	182	178	390	549	226	329	261	472
ENSG00000267575	285	88	116	279	232	115	647	157	203	127	252	202	60	161	279	217	83	238	107	375	292	593	187	273	447	54	79	297	692	294	178	61	131	155	329	78	182	236	203	141	167	129	404
ENSG00000229356	1	1	0	2	0	0	0	1	0	0	0	0	0	0	0	1	0	0	1	2	0	1	1	0	3	0	2	0	0	1	2	0	0	0	2	0	1	2	2	0	0	0	0
ENSG00000270994	2	1	0	1	3	1	0	2	0	0	0	0	0	0	1	0	2	1	2	1	0	0	1	0	1	1	0	0	0	0	0	0	0	0	1	0	0	0	0	0	0	0	0
ENSG00000233892	14	3	8	26	6	8	43	11	18	3	23	5	4	24	8	8	5	14	7	18	11	39	5	13	19	5	5	14	26	13	10	2	14	8	33	7	12	14	37	11	0	6	8
ENSG00000041353	517	169	763	514	932	462	559	148	383	172	558	598	214	428	451	363	229	722	647	797	875	868	100	655	767	280	252	250	2984	1281	298	269	373	595	353	355	129	561	861	484	422	487	996
ENSG00000233782	1	1	0	7	0	1	1	0	1	0	0	0	0	0	0	0	3	4	1	4	1	0	1	0	1	1	2	0	1	1	0	0	1	0	0	0	1	0	0	0	0	3	0
ENSG00000081985	380	34	52	109	74	126	120	81	241	36	80	52	23	71	361	43	74	553	81	128	212	68	24	97	262	22	62	363	323	374	33	19	70	20	92	26	39	23	296	69	18	91	57
ENSG00000224278	1	1	0	2	1	1	0	0	1	0	0	2	0	0	0	0	0	2	6	8	0	0	0	0	0	2	0	0	0	0	0	0	0	0	1	0	1	0	1	1	0	0	0
ENSG00000232433	1	0	1	3	6	4	1	1	3	3	0	0	0	0	0	2	3	3	2	4	2	2	0	1	5	4	1	1	2	1	0	0	0	0	1	0	0	1	3	3	0	0	1
ENSG00000148229	1000	225	209	363	233	137	851	177	374	201	326	230	69	252	783	426	177	939	215	312	770	484	344	340	707	97	150	693	1003	604	311	63	214	117	240	116	278	158	250	119	279	330	413
ENSG00000129152	0	1	0	1	0	0	0	0	0	0	0	0	0	0	0	0	1	0	0	0	0	0	0	0	2	0	0	0	0	0	0	0	0	0	0	0	0	1	0	0	0	2	0
ENSG00000271992	2	0	0	0	1	1	1	0	0	1	0	0	0	0	0	1	1	1	0	3	1	0	0	0	1	0	0	1	0	0	0	0	0	0	1	0	0	0	1	0	0	0	0
ENSG00000235050	8	4	0	14	8	4	1	6	1	4	1	8	0	0	2	8	2	22	16	22	3	2	4	1	21	10	8	0	1	20	2	0	3	4	7	4	1	7	9	5	2	9	0
ENSG00000185264	3	0	0	0	2	2	1	0	2	0	0	0	0	0	0	0	2	0	1	0	0	0	0	1	6	3	1	0	0	3	1	0	0	0	2	0	0	2	1	0	0	1	0
ENSG00000197213	4	1	0	11	3	5	0	0	1	0	0	1	0	0	0	1	2	2	2	2	2	0	0	0	8	2	0	0	0	2	1	0	1	1	2	0	1	0	0	0	1	2	0
ENSG00000143545	28	9	2	3	18	8	17	3	4	2	6	5	1	3	5	6	14	15	0	12	8	18	12	2	20	4	3	10	11	15	0	2	1	7	3	3	1	1	6	1	7	3	16
ENSG00000092470	972	197	202	280	216	190	608	136	321	211	321	111	46	166	767	268	169	924	161	203	968	327	265	217	518	100	140	800	734	543	245	82	291	64	200	104	253	78	331	119	140	265	194
ENSG00000264644	1	0	0	3	1	0	0	0	0	0	3	0	0	2	0	0	0	0	0	1	0	0	1	0	1	1	1	0	0	3	1	0	0	0	1	0	0	2	1	0	0	0	0
ENSG00000180662	2	0	0	2	2	0	2	2	0	0	0	1	0	0	3	0	0	2	0	0	1	1	0	1	1	3	1	2	0	4	0	0	0	1	2	0	0	3	1	0	0	1	0
ENSG00000119688	208	60	84	151	97	59	338	77	80	45	112	75	37	192	172	130	67	218	67	196	215	239	91	133	295	34	60	187	367	232	71	26	101	53	163	48	81	95	150	103	80	92	163
ENSG00000155622	5	0	1	1	3	0	0	0	0	2	0	1	0	0	0	1	0	1	2	3	0	1	0	0	4	1	2	1	0	2	1	0	0	0	1	1	0	2	1	0	0	3	0
ENSG00000149328	15	4	1	10	2	5	8	7	7	2	3	0	0	1	2	8	4	15	3	5	3	12	1	1	25	4	4	16	4	16	3	0	5	4	5	0	1	2	5	4	0	7	5
ENSG00000204291	19	5	0	26	20	7	3	7	5	4	2	4	1	0	4	6	8	17	5	17	5	1	2	0	30	7	2	6	4	12	3	0	2	2	9	4	2	3	2	5	1	7	1
ENSG00000236601	0	0	0	0	1	0	0	0	0	0	0	0	0	0	0	0	0	0	0	0	0	0	0	0	0	0	0	0	0	0	0	0	0	0	0	0	0	0	0	0	0	0	0
ENSG00000170989	1451	325	325	533	703	511	1193	548	727	258	525	379	212	691	1078	533	574	1079	693	1998	940	1388	498	822	1043	298	339	1586	2539	1737	448	198	459	294	775	255	727	286	725	247	391	645	857
ENSG00000108381	11	5	0	16	8	3	0	9	2	4	0	4	1	0	3	10	3	15	11	15	2	0	2	1	18	17	1	1	3	6	3	3	2	1	14	3	2	2	14	6	0	7	0
ENSG00000250637	0	4	0	8	3	1	0	0	0	0	1	0	0	0	0	3	0	2	1	4	0	0	0	1	1	1	0	0	0	1	0	1	2	0	3	0	0	1	2	0	0	2	0
ENSG00000182118	107	44	33	37	49	34	94	21	45	21	53	76	18	46	100	32	27	111	93	71	63	99	47	65	33	32	30	47	91	103	40	11	9	29	48	23	21	16	57	19	25	44	43
ENSG00000162739	1166	145	363	705	554	296	1216	347	936	232	754	422	132	501	1336	442	241	1913	416	478	1245	1215	339	549	954	114	365	1375	2146	1800	401	152	453	200	880	193	418	372	694	367	249	626	561
ENSG00000251334	0	0	0	1	0	0	1	0	1	0	0	0	0	0	0	0	0	0	0	1	0	0	0	0	0	0	0	0	0	1	0	0	0	0	0	0	0	1	2	0	0	0	0
ENSG00000239930	0	0	2	1	0	0	0	0	0	0	0	0	0	0	0	0	0	0	0	0	0	0	0	0	1	0	0	0	0	0	0	0	0	0	0	0	0	1	0	0	0	0	0
ENSG00000139168	550	146	160	238	231	131	653	134	287	162	271	138	84	345	454	206	99	408	201	237	521	413	189	267	580	99	114	484	708	419	224	63	158	104	262	72	181	151	328	92	179	195	318
ENSG00000255345	2	1	0	9	4	0	0	3	3	0	1	2	1	0	0	3	2	1	1	4	1	1	2	0	16	0	3	2	0	2	2	0	2	1	3	0	0	1	0	1	0	0	1
ENSG00000212864	0	0	0	2	0	0	0	0	0	0	0	0	0	1	0	1	0	0	0	2	0	0	0	0	0	0	0	0	0	0	0	0	0	0	0	0	0	0	0	0	0	0	0
ENSG00000254508	0	0	0	2	1	0	0	1	0	1	0	3	0	0	0	1	1	0	0	2	0	0	1	4	0	0	1	0	0	1	0	0	1	0	4	0	0	0	0	0	0	1	0
ENSG00000234732	4	0	0	1	0	0	0	0	0	0	0	3	0	0	0	0	1	0	2	0	0	0	0	0	0	0	1	0	0	0	0	0	0	0	0	0	0	0	0	0	0	0	0
ENSG00000284731	0	0	0	0	0	0	0	2	0	0	0	2	0	0	0	0	0	0	0	0	0	0	0	0	1	0	0	0	0	0	0	0	0	0	0	0	0	0	1	0	0	0	0
ENSG00000198939	12	5	6	15	20	8	19	5	8	3	8	5	3	8	18	5	7	14	14	22	22	23	5	12	19	5	10	7	30	26	7	5	4	7	13	3	7	5	8	5	4	14	8
ENSG00000124164	504	220	256	527	593	267	1125	458	461	168	438	438	159	738	566	260	212	468	344	1132	600	859	288	520	719	222	225	486	964	633	261	128	307	222	611	191	235	386	662	324	244	280	605
ENSG00000280417	3	0	0	1	2	1	1	1	3	1	3	1	0	2	1	1	0	1	0	4	1	3	5	1	5	1	0	1	4	5	0	0	1	0	2	1	1	1	0	0	0	0	2
ENSG00000228392	2	0	0	1	3	1	0	0	3	0	0	2	0	0	3	6	4	2	6	8	1	0	1	0	12	10	2	1	0	6	1	1	1	2	1	1	0	0	4	1	0	1	0
ENSG00000254879	1	0	0	4	3	0	2	1	1	0	0	1	0	4	1	1	0	1	0	1	2	0	0	2	2	2	0	0	0	1	0	1	0	1	3	0	1	0	1	2	0	4	1
ENSG00000280129	10	3	7	12	10	3	22	1	10	0	17	7	2	14	12	8	0	10	7	15	10	24	2	9	9	8	6	14	18	15	2	0	8	6	23	0	2	12	21	10	7	1	11
ENSG00000229335	0	0	0	0	0	0	0	0	0	0	0	0	0	0	0	0	0	0	0	0	0	0	0	0	0	0	0	0	0	3	0	0	0	0	0	0	0	0	0	0	0	0	0
ENSG00000212961	2	1	0	2	0	0	0	2	0	0	1	0	0	0	0	1	2	0	0	4	0	0	1	0	5	1	0	0	0	0	0	0	0	1	2	0	1	1	0	1	0	0	0
ENSG00000136834	1	0	0	2	4	1	0	0	0	0	0	1	0	0	0	0	1	0	0	0	0	0	0	0	1	1	1	0	0	0	0	1	1	0	0	0	0	0	2	1	0	1	0
ENSG00000237614	3	0	0	1	0	0	0	0	0	1	0	0	2	0	0	3	1	3	1	1	0	0	1	0	6	1	0	0	0	3	0	0	0	1	0	2	1	0	2	1	0	4	0
ENSG00000187003	2	0	0	1	0	0	0	0	0	0	0	0	0	0	0	4	1	0	1	0	0	0	0	0	2	4	2	1	0	2	0	0	0	1	0	0	0	0	0	0	0	0	0
ENSG00000277901	1	0	0	3	2	0	3	0	0	0	0	1	0	0	0	0	2	2	0	1	0	1	0	0	2	0	0	1	2	3	1	0	0	0	2	0	0	0	0	0	0	1	0
ENSG00000260471	1	0	0	0	0	1	0	0	0	0	0	0	0	0	0	4	0	0	1	2	0	1	0	0	1	0	1	0	0	0	0	0	0	0	1	0	0	1	0	0	0	0	0
ENSG00000279848	2	0	0	3	4	0	0	1	0	0	0	5	0	0	0	4	1	2	1	2	1	1	0	0	7	4	0	0	0	3	2	0	0	0	3	1	0	0	1	0	0	1	0
ENSG00000278311	1733	706	673	1337	1402	653	2657	1067	1266	584	1091	828	427	1539	1682	944	755	1584	961	2233	1763	2037	994	1760	2143	770	607	1488	3097	2034	827	318	698	618	1403	494	745	1031	1155	930	877	861	1553
ENSG00000270106	4	6	3	22	9	7	15	6	5	2	4	12	4	26	5	3	3	4	11	18	1	7	1	13	3	7	4	6	3	6	4	1	2	8	17	2	3	11	34	6	0	5	5
ENSG00000233010	12	2	5	2	5	4	17	1	12	2	11	5	0	9	6	5	2	12	1	16	10	18	0	5	7	3	2	25	19	15	7	0	5	7	6	2	0	5	13	4	3	6	14
ENSG00000253339	2	1	0	8	5	1	0	1	2	0	1	3	0	0	0	3	1	0	3	5	1	0	0	1	8	3	0	0	0	1	1	0	0	0	4	0	0	0	3	1	0	4	0
ENSG00000166974	1018	261	453	550	540	302	1181	324	479	254	802	379	116	566	805	610	307	1102	399	658	1010	1227	350	509	1005	204	248	1012	2213	1340	428	180	424	268	774	309	445	442	885	390	470	495	696
ENSG00000140650	271	89	96	219	162	84	587	98	220	83	173	142	29	181	395	140	103	390	84	213	212	401	151	177	278	51	114	264	499	311	144	45	151	82	224	66	126	138	299	166	75	145	201
ENSG00000225942	0	0	0	1	0	0	1	1	1	0	0	1	0	0	0	0	0	1	1	3	0	0	0	0	2	0	0	0	0	2	0	0	0	0	0	0	0	0	1	0	0	0	0
ENSG00000130856	769	252	409	553	556	293	1411	420	468	219	608	450	145	525	812	451	282	739	355	1003	783	1185	396	584	1290	226	263	845	1603	1093	337	192	441	253	714	273	332	423	753	383	327	396	691
ENSG00000228252	25	7	0	20	24	10	34	6	11	2	11	11	2	6	29	9	6	12	13	29	17	7	8	5	46	15	3	17	23	18	6	1	24	2	25	5	10	8	9	3	2	16	11
ENSG00000199921	3	0	0	2	0	1	0	0	1	0	0	0	0	0	0	0	2	6	2	4	0	0	0	0	0	1	0	0	0	0	0	0	1	0	1	2	0	3	2	0	0	1	0
ENSG00000162704	10446	4663	6858	8358	7668	3909	9275	6123	4065	2384	4334	6643	2972	13123	5636	9479	7182	8444	7560	15164	7358	9403	6216	11395	12222	6127	4445	5831	13642	12750	6312	2421	2434	4176	7004	3446	2612	8070	6912	4644	8364	4961	10001
ENSG00000175305	436	87	122	152	111	80	187	53	174	76	120	111	31	82	297	142	73	522	101	101	539	126	117	91	190	50	75	375	181	189	115	20	116	32	66	56	84	38	131	37	20	126	80
ENSG00000096006	256	175	259	83	736	321	46	760	270	256	54	98	113	237	310	1000	534	1728	398	2061	162	51	344	396	124	1053	178	18	137	53	20	25	3	86	62	59	8	225	163	41	26	361	120
ENSG00000273391	7	1	4	6	2	1	7	1	6	0	1	3	1	1	5	2	4	4	0	7	5	7	3	1	9	0	2	6	6	4	6	0	1	1	4	1	3	4	1	0	2	3	2
ENSG00000196810	122	28	42	67	57	53	161	42	108	34	126	35	12	58	91	40	23	97	28	80	97	191	46	45	134	21	38	169	212	153	47	28	26	32	136	21	69	40	96	39	20	58	109
ENSG00000171396	0	0	0	3	0	0	0	0	0	0	0	0	0	0	0	0	0	2	0	0	0	0	0	0	3	2	0	0	0	0	0	0	0	0	5	0	0	0	2	0	0	0	0
ENSG00000204764	58	44	34	95	105	30	154	51	36	14	25	51	17	54	51	60	33	89	67	160	61	107	37	69	150	99	22	29	82	57	20	13	29	21	50	21	22	31	37	23	29	55	76
ENSG00000224167	0	1	0	1	0	0	1	0	0	1	0	0	0	0	0	1	3	3	0	0	2	2	0	0	3	1	1	0	0	2	1	0	0	0	0	0	0	1	0	0	0	1	0
ENSG00000136982	440	63	48	81	58	38	156	29	96	51	77	25	17	33	203	66	28	275	60	50	314	68	66	69	160	27	31	235	152	126	74	20	55	19	16	33	54	13	81	22	24	58	46
ENSG00000134588	7	0	0	8	12	1	1	1	3	1	2	6	0	0	1	3	3	7	1	12	0	0	1	3	10	10	7	0	0	5	0	1	0	1	3	1	0	2	4	2	0	11	0
ENSG00000107566	1241	876	668	1252	667	713	1495	658	503	377	413	823	324	10162	1359	770	809	1602	4166	2897	894	839	708	1257	818	532	1026	411	1295	2788	207	292	121	564	3402	417	139	1214	6602	961	406	809	607
ENSG00000145919	234	58	59	116	121	73	302	88	106	52	115	85	36	124	178	76	60	160	58	143	183	303	103	112	252	29	59	166	383	263	92	25	64	54	122	40	106	85	97	47	63	96	166
ENSG00000184792	79	23	93	213	1811	34	412	280	97	54	184	49	94	236	24	699	131	33	85	2487	398	719	42	484	1039	379	60	32	320	309	55	36	48	78	249	74	35	315	44	68	494	142	386
ENSG00000260880	4	0	0	1	5	0	0	1	0	0	1	3	0	0	2	1	5	7	6	6	1	0	0	5	14	1	0	0	0	0	2	0	1	3	3	0	1	1	1	0	0	1	0
ENSG00000248925	1	0	0	0	4	1	1	2	0	0	0	0	0	1	6	2	2	2	2	2	1	3	0	1	3	0	1	1	3	1	1	0	0	0	0	0	1	1	0	1	0	2	0
ENSG00000151746	186	42	66	220	140	72	444	113	183	68	191	163	29	132	231	85	68	226	101	149	240	377	92	100	266	60	57	201	578	236	103	42	130	59	271	60	143	108	131	75	60	143	185
ENSG00000163125	323	164	253	368	274	145	732	242	274	122	338	218	46	345	361	320	116	391	245	342	365	674	133	270	408	89	96	623	719	440	195	79	203	175	381	113	196	267	344	227	139	155	359
ENSG00000065613	3819	2247	2616	6315	4446	2511	6125	3669	2440	1346	2143	2942	1437	10548	4375	2458	2757	3378	6540	7766	3840	4462	2920	5826	5210	2497	2491	2352	7685	5800	2422	1415	1223	2728	5894	2053	1254	4505	5172	1903	4391	2869	4931
ENSG00000241599	0	0	1	0	0	0	0	1	1	0	0	0	0	0	0	0	0	0	0	1	0	0	0	0	1	0	0	0	0	1	0	0	0	0	1	0	0	0	0	0	0	1	0
ENSG00000258417	2	0	0	1	0	1	0	0	0	2	1	1	0	0	0	2	1	1	0	0	0	0	0	1	2	0	1	0	0	1	0	0	0	0	2	0	0	0	0	0	0	1	0
ENSG00000226782	4	0	0	6	1	1	1	0	1	1	0	1	0	0	2	0	1	1	2	4	0	0	1	0	2	2	0	0	0	1	0	2	0	0	0	1	0	0	1	0	2	2	0
ENSG00000284659	1	0	0	1	0	0	0	0	0	0	0	0	0	0	0	0	0	0	0	0	0	0	0	0	1	1	0	0	0	0	1	0	0	0	0	0	0	0	0	0	0	1	0
ENSG00000277694	0	0	0	0	0	0	0	0	0	0	0	0	0	0	0	0	0	0	0	0	0	0	0	0	0	0	0	0	0	0	0	0	0	0	0	0	0	0	0	0	0	0	0
ENSG00000244565	0	0	0	0	0	0	0	0	1	0	0	0	0	0	0	0	0	0	0	1	0	0	0	3	3	0	0	0	0	0	1	0	0	0	1	0	1	0	0	0	0	0	0
ENSG00000228295	0	1	0	2	2	1	0	1	0	2	1	2	0	0	0	0	0	1	2	7	0	0	0	0	1	2	1	1	0	5	1	0	1	0	0	0	0	2	1	0	0	2	0
ENSG00000200287	0	0	0	0	0	0	0	0	0	0	0	0	0	0	0	0	1	0	0	1	0	0	0	0	0	0	0	0	0	1	0	0	0	0	1	0	2	0	0	0	0	0	0
ENSG00000230132	0	0	0	0	0	0	0	0	0	0	0	0	0	0	0	0	0	0	0	0	0	0	0	0	0	0	0	0	0	1	0	0	0	0	0	0	0	0	0	0	0	0	0
ENSG00000250550	0	0	0	1	0	0	0	0	1	0	0	0	0	0	1	0	0	1	0	3	0	0	0	0	1	0	0	0	0	1	0	0	1	0	0	0	0	0	0	0	0	0	0
ENSG00000237436	10	0	1	4	1	0	10	1	2	1	1	3	0	4	7	3	1	7	4	4	5	7	3	3	6	1	0	9	7	10	1	2	1	1	3	2	3	1	2	0	2	4	6
ENSG00000178665	26	12	14	21	22	8	32	21	16	8	26	19	3	11	14	16	10	16	12	24	31	43	7	29	33	7	6	33	56	43	15	4	12	17	20	4	17	11	23	12	13	18	12
ENSG00000207168	0	0	0	0	0	0	3	0	0	0	0	0	0	0	0	2	0	0	0	0	0	1	0	0	0	0	0	0	0	0	0	0	0	0	0	0	0	0	0	0	0	0	0
ENSG00000168646	14	2	4	10	13	8	25	9	4	1	18	9	5	7	18	16	5	7	8	29	31	43	1	16	20	3	4	17	46	18	7	8	18	6	21	5	13	6	10	7	4	11	21
ENSG00000141371	1	1	0	1	1	0	2	2	1	1	0	0	0	3	3	1	3	0	0	2	1	0	1	5	7	2	0	0	0	2	0	0	0	0	2	0	1	3	1	0	0	2	1
ENSG00000014914	144	71	131	151	134	60	523	41	40	22	127	97	71	114	90	77	83	53	55	305	109	497	205	231	476	82	54	214	257	204	176	36	78	97	116	52	35	171	83	119	382	68	326
ENSG00000265135	3	0	0	1	2	1	1	1	0	0	1	1	0	0	1	2	1	2	2	0	0	9	0	0	1	2	0	4	1	1	0	3	0	0	3	0	0	1	1	1	0	0	0
ENSG00000260035	11	9	1	1	4	4	7	8	13	5	2	9	0	6	5	0	3	11	1	2	6	1	6	2	9	3	2	13	7	14	1	1	2	11	0	0	5	4	5	2	3	9	8
ENSG00000225648	230	91	73	128	127	59	185	95	122	50	103	55	33	99	179	65	83	236	75	113	196	249	79	143	190	40	48	141	283	179	85	29	57	47	85	38	101	64	90	36	96	95	176
ENSG00000231416	23	2	16	9	9	8	11	21	10	8	13	9	2	11	12	13	5	16	4	3	16	19	5	14	11	2	1	9	39	15	6	1	8	5	16	3	9	6	8	3	4	13	9
ENSG00000229835	3	1	0	1	0	0	1	0	0	0	0	0	1	0	0	1	0	2	0	3	0	1	0	0	9	0	0	0	0	0	0	0	0	0	1	0	0	0	1	1	0	1	0
ENSG00000113391	778	327	421	991	802	344	1413	655	718	337	700	735	277	1246	983	540	356	823	735	2033	896	1452	583	1112	1290	473	380	859	2007	1265	564	219	356	439	922	332	493	632	644	368	365	546	1415
ENSG00000288017	0	1	0	1	0	0	1	0	0	0	0	1	0	1	0	1	0	3	2	0	0	0	2	2	3	1	1	1	0	1	0	0	0	1	1	1	0	0	0	0	0	1	0
ENSG00000204913	0	0	0	2	0	0	0	0	0	0	0	1	0	0	0	2	0	1	1	1	0	0	0	1	0	1	0	0	0	0	1	0	0	0	0	0	0	0	0	0	0	1	0
ENSG00000229018	30	4	5	13	5	0	22	11	11	2	21	15	1	12	11	5	6	8	10	20	29	12	17	7	21	3	9	28	15	25	1	2	4	5	8	2	6	17	14	8	4	6	19
ENSG00000207781	0	0	0	1	2	4	5	1	3	2	2	3	0	1	1	0	0	1	3	1	1	3	0	0	3	1	0	3	8	4	1	1	2	0	5	1	0	1	3	0	0	0	0
ENSG00000283249	2	0	0	0	1	0	0	0	0	0	0	0	0	0	0	1	0	0	1	0	0	0	0	0	1	1	0	0	0	0	0	0	0	1	0	0	0	0	1	0	0	0	0
ENSG00000233579	3	0	1	1	0	0	5	1	0	1	2	6	0	3	2	1	0	2	0	5	1	3	1	2	5	1	0	0	2	1	1	1	3	2	5	0	1	3	1	2	0	2	3
ENSG00000227597	1	0	0	2	0	1	1	2	1	1	0	1	0	0	0	3	0	0	2	4	1	0	1	3	8	1	0	0	0	1	0	0	0	0	1	0	0	1	0	0	0	2	0
ENSG00000241539	0	1	0	0	0	0	0	0	0	0	0	0	0	0	0	1	0	0	0	0	0	0	0	0	1	0	0	0	0	0	0	0	0	0	0	0	0	0	0	0	0	0	0
ENSG00000253099	0	0	0	0	0	0	0	1	0	0	0	0	0	0	0	0	0	0	0	1	0	0	0	0	0	0	0	0	0	2	0	0	0	0	0	0	1	0	0	0	0	1	0
ENSG00000254342	0	0	0	2	0	0	0	0	1	0	0	0	0	0	0	0	1	0	0	1	0	0	0	0	0	0	0	0	0	0	0	0	0	0	0	0	0	0	1	0	0	1	0
ENSG00000230661	5	0	0	4	1	1	0	1	0	0	0	1	0	0	1	1	0	1	0	3	0	0	0	0	8	1	0	0	0	0	0	0	0	1	3	0	0	0	2	0	0	0	1
ENSG00000262495	0	0	1	5	5	0	0	0	0	0	0	0	1	1	0	1	0	1	1	1	2	1	0	3	1	1	0	4	6	2	2	1	0	1	3	0	0	3	1	1	2	4	1
ENSG00000066135	551	113	145	310	177	112	674	162	165	98	245	149	67	362	432	231	165	393	149	440	400	394	196	252	568	94	143	411	622	494	204	78	202	129	310	122	167	257	336	294	209	193	218
ENSG00000285581	29	2	13	35	21	11	62	38	23	14	40	23	11	56	28	12	9	14	14	41	48	39	11	52	62	17	13	38	49	71	17	12	14	23	52	15	16	27	72	43	9	20	32
ENSG00000251045	2	2	0	3	6	0	0	2	0	0	2	1	2	0	0	2	2	5	1	7	0	0	2	0	3	5	0	1	0	3	0	0	1	2	0	0	0	0	2	2	0	2	0
ENSG00000241213	6	1	0	4	2	2	0	2	1	1	0	1	0	0	0	0	1	6	7	9	1	2	1	1	4	5	3	0	0	2	2	1	0	1	1	2	1	3	1	1	0	2	0
ENSG00000152078	42	68	87	140	286	48	220	178	88	34	40	93	55	140	34	283	69	91	272	2086	405	376	42	172	406	263	47	24	159	132	53	39	62	44	157	44	38	86	58	33	90	100	242
ENSG00000288614	0	0	0	0	0	0	0	0	0	0	0	0	0	0	0	0	0	0	0	0	0	0	0	0	0	0	0	0	0	0	0	0	0	0	0	0	0	0	0	0	0	0	0
ENSG00000283631	0	1	0	2	1	0	2	0	1	0	0	0	0	0	0	0	1	2	1	3	0	0	0	0	0	2	0	0	0	3	0	0	1	0	0	0	1	0	0	3	0	2	0
ENSG00000151718	97	44	64	83	75	52	316	88	32	35	76	89	26	64	54	39	45	65	33	142	33	273	63	108	259	43	36	67	156	121	56	25	43	89	95	33	18	62	67	79	68	55	167
ENSG00000229372	0	0	1	3	3	1	1	1	0	1	0	0	1	0	0	0	0	1	2	0	0	0	0	1	3	0	1	5	1	0	0	0	0	1	0	0	0	0	0	1	0	1	0
ENSG00000186594	200	84	83	117	143	60	276	56	80	43	66	73	43	112	164	85	76	217	56	295	119	211	100	185	253	65	70	96	188	157	69	28	46	45	62	33	23	95	65	72	70	92	133
ENSG00000163331	1	1	0	3	2	0	1	1	0	0	0	1	1	0	0	1	3	2	0	8	3	0	0	0	10	0	3	0	0	2	2	0	0	3	0	0	1	1	2	0	1	1	0
ENSG00000288520	0	0	0	0	0	0	0	0	0	0	0	0	0	0	0	0	0	0	0	0	0	0	0	0	0	0	0	0	0	0	0	0	0	0	0	0	0	0	0	0	0	0	0
ENSG00000251517	30	0	9	5	20	9	7	13	5	7	2	11	4	35	7	5	4	4	25	12	10	12	3	8	0	3	8	3	22	28	8	2	0	11	25	3	2	0	58	4	6	4	4
ENSG00000204188	5	0	0	2	1	1	1	1	0	0	1	1	0	3	0	1	1	5	3	6	2	3	1	0	5	0	1	2	0	6	1	0	0	2	6	0	3	1	2	1	0	0	0
ENSG00000277529	0	0	0	1	1	0	2	1	0	0	0	0	0	0	0	0	0	2	1	3	0	0	0	0	1	1	0	0	0	1	0	0	0	0	1	0	0	0	0	0	0	0	0
ENSG00000243187	0	0	0	1	0	0	0	0	0	0	0	1	0	0	0	1	0	5	1	3	2	0	0	0	2	2	0	0	0	0	0	0	0	0	1	0	0	0	3	1	0	1	0
ENSG00000069849	1027	268	478	420	322	226	1731	276	352	177	385	289	160	409	836	220	386	1081	163	528	649	1057	403	578	1357	121	203	596	942	909	357	106	215	163	303	148	149	346	403	256	616	371	756
ENSG00000241743	314	101	85	562	526	198	500	335	229	157	169	488	25	62	244	207	151	479	340	578	232	498	96	91	510	571	221	172	389	673	138	56	135	227	447	75	159	148	314	180	24	393	219
ENSG00000228663	7	2	1	8	8	6	10	10	3	2	4	10	2	5	5	6	1	4	1	7	9	11	2	8	11	2	1	9	6	13	6	0	5	2	16	1	5	7	2	6	2	3	7
ENSG00000174403	1	1	0	2	1	0	1	0	0	1	0	0	0	0	0	0	1	0	0	1	2	0	0	1	9	2	0	0	0	1	1	0	0	1	0	0	0	0	0	0	0	0	0
ENSG00000253240	1	0	0	1	0	1	0	4	1	0	1	0	1	0	2	2	0	1	0	3	0	3	0	0	2	0	0	1	2	0	0	0	0	1	1	0	1	0	1	0	0	0	0
ENSG00000207867	0	0	0	0	0	0	0	0	0	0	0	0	0	0	0	0	0	0	0	0	0	0	0	0	0	0	0	0	0	0	1	0	0	0	0	0	0	0	0	0	0	0	0
ENSG00000188755	2	2	0	0	10	0	0	0	0	2	1	1	0	0	0	0	0	2	0	1	0	0	0	0	6	0	0	0	0	0	0	0	1	0	0	0	0	0	0	0	0	2	0
ENSG00000141569	58	18	12	23	26	16	51	22	31	11	40	27	12	25	38	27	29	52	16	25	53	80	32	37	63	6	16	55	84	97	18	4	26	14	30	8	24	12	23	24	26	29	30
ENSG00000135476	41	9	10	17	14	7	66	9	21	8	14	14	1	6	34	28	15	43	5	26	47	8	7	14	30	15	4	58	20	22	9	4	15	6	9	3	2	7	29	10	0	24	4
ENSG00000198380	1058	201	411	809	568	565	2726	580	986	265	659	480	158	617	1135	338	461	1510	359	541	824	1220	334	612	875	204	251	594	1372	1067	487	169	442	270	500	273	304	421	569	438	267	574	678
ENSG00000206800	0	0	0	0	4	0	0	0	0	0	0	0	0	0	0	0	0	0	0	5	0	0	0	0	1	0	0	0	0	0	0	0	0	0	0	0	0	0	0	0	0	0	0
ENSG00000152904	178	82	87	158	84	54	216	59	75	57	101	75	27	218	144	117	43	158	146	138	175	200	105	132	198	39	47	176	320	155	81	19	53	42	149	35	85	116	132	55	122	83	189
ENSG00000011143	101	29	10	62	38	15	124	20	82	19	24	31	9	27	102	42	36	116	39	82	98	76	44	32	140	25	23	88	106	90	39	9	45	15	59	12	30	30	47	28	37	53	66
ENSG00000115762	2244	712	975	1331	958	609	2091	936	770	407	991	963	409	1848	1400	915	1144	1541	1031	1992	1400	2359	1132	1388	2710	502	661	1188	2412	2318	1044	339	472	560	1138	475	387	928	1647	785	1184	798	1586
ENSG00000164035	12	7	0	21	15	2	3	7	3	5	1	8	0	0	4	10	11	22	21	35	7	1	5	4	30	15	4	2	0	15	9	0	3	5	11	0	5	5	7	5	1	10	4
ENSG00000241246	0	1	0	0	0	0	0	0	0	0	0	0	0	0	0	0	0	0	0	0	0	0	1	0	0	0	0	0	0	0	3	0	0	0	3	0	1	0	0	1	0	0	0
ENSG00000199516	0	0	0	0	0	0	0	0	0	1	0	0	0	0	0	0	0	0	0	0	0	0	0	0	0	0	0	0	0	0	0	0	0	0	0	0	0	0	0	0	0	0	0
ENSG00000255291	0	0	0	3	0	0	0	0	0	0	0	0	0	0	0	1	0	0	0	1	0	0	0	2	0	1	0	0	0	4	0	0	1	0	3	0	0	1	0	0	0	1	0
ENSG00000258562	0	1	0	4	1	1	0	0	0	0	0	0	0	0	0	1	0	0	0	0	0	0	0	0	0	2	0	0	0	0	1	0	0	1	0	1	0	0	0	0	0	0	0
ENSG00000248205	0	1	0	0	0	0	0	0	0	0	0	0	0	0	0	1	0	0	0	0	0	0	0	0	0	0	1	0	0	0	1	0	0	0	0	0	0	0	0	0	0	0	0
ENSG00000129595	70	37	43	109	188	23	97	54	49	28	97	74	5	85	52	53	28	88	55	140	79	113	21	34	235	31	27	39	163	97	69	13	43	43	90	17	34	44	56	35	84	51	91
ENSG00000286899	7	2	0	6	5	2	0	2	0	1	0	5	0	0	2	3	0	5	4	3	1	1	4	0	3	3	3	0	0	8	0	0	1	1	6	1	0	0	1	2	0	0	0
ENSG00000225127	8	1	2	0	6	2	2	0	5	0	0	2	0	5	0	4	6	7	2	5	5	6	2	3	12	7	1	1	10	9	2	0	5	0	3	1	2	3	6	1	1	2	1
ENSG00000168918	1032	272	785	1816	804	375	2315	688	746	304	1049	898	327	2057	867	1295	468	917	715	1827	1210	1842	441	1599	1661	416	471	1797	2365	1818	595	358	742	624	1748	512	571	1476	1506	1646	525	699	1136
ENSG00000286830	11	6	16	18	8	6	26	7	5	6	8	16	1	0	1	14	7	12	10	14	5	14	6	5	14	9	2	5	11	7	5	0	7	13	7	3	11	17	7	3	6	6	11
ENSG00000254409	9	4	3	17	8	6	24	4	7	1	5	9	5	5	12	4	3	8	5	26	6	13	3	8	18	4	6	7	14	12	3	1	12	6	14	0	9	11	2	5	3	3	8
ENSG00000125355	3	5	1	9	12	3	1	15	0	1	3	7	4	13	5	4	4	5	5	11	2	11	0	4	20	7	6	3	1	8	4	1	0	5	9	1	0	2	28	5	0	5	2
ENSG00000253141	2	1	1	6	5	1	1	4	0	2	1	1	0	0	0	4	2	1	2	5	1	3	1	0	7	1	1	0	0	6	4	0	1	0	1	2	2	4	2	3	0	1	0
ENSG00000247199	258	71	136	315	253	162	422	151	210	71	97	268	88	233	360	95	112	108	473	205	209	268	160	284	299	128	86	156	391	190	82	55	45	188	683	83	76	176	466	116	66	181	276
ENSG00000202189	3	0	2	1	2	0	9	2	2	0	3	3	0	1	5	0	0	4	0	0	2	4	1	1	3	1	0	2	6	2	5	0	0	0	2	1	0	1	2	1	0	2	6
ENSG00000248636	3	0	0	4	4	3	1	2	0	1	2	5	0	0	3	1	2	6	0	4	4	0	1	7	9	2	1	3	0	7	1	0	5	1	1	0	2	1	1	2	1	3	2
ENSG00000136098	60	60	26	78	50	22	97	35	35	12	44	49	5	26	108	41	32	100	32	109	67	102	49	42	127	20	22	104	130	58	43	12	52	19	58	20	22	30	46	30	32	30	66
ENSG00000257043	2	0	0	1	1	0	0	1	0	0	1	1	1	0	0	1	2	1	0	1	0	1	0	0	1	0	0	1	0	2	1	0	0	0	3	0	0	0	0	0	0	1	1
ENSG00000238062	6	2	0	11	2	0	1	1	3	2	3	2	0	0	0	1	3	4	1	5	6	1	0	3	19	4	0	4	4	6	1	0	0	0	1	0	4	1	0	0	0	3	0
ENSG00000180305	2	2	0	0	0	0	0	0	1	0	1	0	1	0	0	0	2	2	0	1	0	1	0	0	6	2	0	0	0	2	2	0	0	0	0	0	0	1	1	1	0	0	0
ENSG00000260229	3	2	0	1	3	0	4	3	0	0	0	2	2	4	0	2	1	2	2	5	0	1	3	3	4	0	1	0	3	2	2	0	1	0	3	2	1	2	1	2	1	0	0
ENSG00000240403	13	2	30	12	12	2	8	7	12	6	42	7	3	2	18	35	4	95	5	8	102	11	5	3	18	6	7	7	24	20	10	0	4	1	4	3	5	2	6	10	5	11	6
ENSG00000258693	1	0	0	1	0	0	0	1	0	1	0	0	0	0	1	0	1	0	0	0	1	0	0	0	1	1	0	0	0	2	0	0	0	0	2	0	1	0	0	0	0	1	0
