	ERR3470491	ERR3470495	ERR3470496	ERR3470497	ERR3470499	ERR3470501	ERR3470502	ERR3470503	ERR3470492	ERR3470493	ERR3470494	ERR3470484	ERR3470486	ERR3470487	ERR3470488	ERR3470490	ERR3470504	ERR3470505	ERR3470506	ERR3470507	ERR3470508	ERR3470510	ERR3470511	ERR3470512	ERR3470514	ERR3470515	ERR3470516	ERR3470517	ERR3470519	ERR3470520	ERR3470521	ERR3470522	ERR3470523	ERR3470524	ERR3470526	ERR3470527	ERR3470528	ERR3470529	ERR3470530	ERR3470531	ERR3470532	ERR3470535	ERR3470536
ENSG00000127720	30	9	3	40	26	10	35	16	7	8	10	17	5	7	15	12	17	27	35	42	33	30	12	16	53	18	8	25	44	24	16	3	18	7	25	6	5	13	27	13	13	15	21
ENSG00000275852	2	0	0	1	0	0	1	0	0	3	0	0	0	0	0	3	0	0	0	1	0	0	0	0	2	2	0	0	0	1	2	0	0	0	0	0	0	0	1	0	0	0	0
ENSG00000224440	0	0	0	0	0	0	0	0	0	0	0	0	0	0	0	0	0	0	0	0	0	0	0	0	0	0	0	0	0	1	0	0	0	0	0	0	0	0	0	0	0	0	0
ENSG00000261140	0	0	0	0	2	0	1	0	2	0	3	3	0	1	0	0	0	0	0	2	1	2	1	0	2	0	1	2	3	0	1	0	1	2	0	1	0	0	2	3	1	1	4
ENSG00000221200	0	0	0	1	1	0	0	0	0	0	0	0	0	0	0	0	0	2	0	0	0	0	0	0	2	1	0	0	0	0	0	0	0	0	0	0	0	0	0	0	0	0	0
ENSG00000237787	8	3	0	6	2	3	2	2	2	0	0	3	0	0	2	1	3	1	1	8	3	0	1	1	2	5	1	0	0	9	2	0	1	2	1	0	0	2	2	1	0	1	0
ENSG00000051596	13	0	0	5	3	1	0	6	3	0	2	2	0	1	1	5	9	9	10	4	6	2	2	5	18	5	3	2	0	10	7	0	3	1	2	0	3	5	7	1	1	6	4
ENSG00000250532	1	0	0	4	1	1	2	2	0	0	1	3	2	1	0	1	1	0	6	6	1	1	1	1	5	1	1	2	4	5	0	2	0	0	0	1	1	1	7	2	2	1	0
ENSG00000236211	8	1	0	6	2	1	0	1	1	1	1	3	2	1	0	0	1	4	2	2	0	0	1	1	1	1	0	0	1	1	1	0	0	2	3	1	1	0	3	0	0	1	0
ENSG00000236118	0	0	0	0	0	0	0	0	0	0	1	0	1	0	0	0	0	0	0	2	0	0	0	0	2	0	0	0	0	0	0	0	0	0	0	1	0	0	0	1	0	0	0
ENSG00000214684	1	0	0	1	2	0	0	0	0	0	1	2	0	0	1	1	3	2	1	3	0	0	0	0	3	2	0	0	0	0	2	0	0	1	2	1	0	0	0	0	0	0	0
ENSG00000213697	0	0	0	0	0	1	0	0	0	0	0	1	0	0	1	0	0	1	0	1	0	0	1	0	1	0	1	0	0	0	0	0	0	0	1	0	1	0	0	0	0	0	0
ENSG00000135541	32	7	2	34	23	10	27	26	30	9	5	26	3	6	10	12	16	38	29	50	29	17	5	9	60	18	10	11	7	35	14	4	4	10	42	7	7	9	14	13	5	30	2
ENSG00000252927	1	0	0	1	0	0	0	0	0	0	0	1	0	0	0	1	0	0	0	1	0	0	0	0	0	0	0	0	0	1	0	0	0	0	0	0	0	1	0	0	0	1	0
ENSG00000143376	66	13	19	110	65	68	81	116	50	15	29	102	29	93	17	56	63	39	43	157	50	62	24	86	130	51	45	34	22	113	29	14	29	24	87	19	16	77	70	126	32	44	47
ENSG00000286035	181	52	84	93	191	160	295	352	223	47	121	178	24	244	97	66	48	74	97	259	146	226	94	84	160	59	71	141	240	265	56	24	50	99	310	37	52	89	412	106	23	65	117
ENSG00000279719	4	0	1	6	2	3	3	3	3	2	0	2	0	3	2	1	3	2	1	3	2	6	0	3	8	3	2	3	2	1	0	0	2	1	2	2	0	2	5	3	0	1	1
ENSG00000256006	0	1	0	0	0	0	0	0	0	0	0	1	0	0	0	0	0	0	0	0	0	0	0	0	0	1	0	0	0	1	0	0	0	0	2	0	0	0	0	0	0	0	0
ENSG00000258324	0	0	0	0	0	0	0	0	0	0	0	0	0	0	0	0	0	0	0	0	0	0	0	0	0	1	0	0	0	0	0	0	0	0	0	0	0	0	0	0	0	0	0
ENSG00000206917	3	0	0	0	0	0	0	4	0	0	0	0	0	0	0	1	0	0	0	0	0	0	0	0	0	0	0	0	0	1	0	0	0	0	0	0	0	0	0	0	0	0	0
ENSG00000274372	3	0	0	4	3	2	0	2	3	0	0	3	0	0	0	2	1	3	1	13	5	1	0	1	2	2	2	0	0	3	3	0	0	1	2	2	0	1	2	0	0	1	0
ENSG00000172172	33	9	3	26	11	6	18	8	7	1	5	19	4	3	10	13	6	17	11	14	19	14	8	7	35	27	8	12	5	18	13	2	7	2	15	4	5	7	13	9	5	8	7
ENSG00000100218	9	4	11	24	24	16	18	5	8	4	10	7	11	2	9	5	7	9	5	27	9	12	9	11	28	14	6	3	46	21	7	0	2	9	11	4	6	17	13	11	20	11	21
ENSG00000278981	6	2	0	13	1	2	0	0	3	0	0	0	0	0	3	2	2	3	3	7	3	0	0	0	5	2	3	0	0	1	1	0	2	0	1	0	0	0	5	0	0	0	0
ENSG00000276645	3	0	0	2	1	0	1	0	0	0	0	2	0	0	0	0	1	1	0	0	1	0	0	1	1	0	2	0	1	0	0	0	0	0	3	0	0	1	2	1	0	0	0
ENSG00000199273	0	0	0	0	0	0	0	0	0	0	0	0	0	0	0	0	0	0	0	0	0	0	0	0	0	0	0	0	0	0	0	0	0	0	0	0	0	0	0	0	0	0	0
ENSG00000225937	31	3	0	50	20	14	2	18	7	9	2	16	4	8	6	19	21	30	20	61	11	16	1	19	65	25	8	4	1	26	16	1	8	4	21	4	4	19	8	19	2	23	7
ENSG00000132604	18	7	4	22	15	5	5	15	6	6	5	16	3	11	7	15	13	20	16	24	11	13	7	12	35	11	9	11	8	24	6	3	6	6	14	4	4	6	8	14	5	7	14
ENSG00000111218	8	4	2	13	9	1	0	3	1	1	0	4	0	0	3	7	4	4	6	8	3	1	4	3	15	4	2	2	0	9	2	0	3	6	2	1	4	1	1	2	0	4	0
ENSG00000254025	4	0	0	1	0	1	4	1	0	0	1	0	0	0	2	2	3	1	4	0	0	0	0	0	7	0	0	0	1	3	0	3	0	2	4	1	0	0	1	0	0	2	0
ENSG00000142185	5	6	1	15	6	6	11	7	5	3	4	13	4	20	9	7	16	10	10	37	5	2	3	12	22	8	4	3	0	26	3	2	1	8	11	2	2	4	15	5	2	15	6
ENSG00000162676	16	4	1	7	6	8	10	2	13	2	4	5	0	3	4	10	5	19	9	12	12	1	0	2	16	7	10	10	5	29	7	1	6	3	10	1	3	8	7	2	2	13	3
ENSG00000131724	28	10	5	70	51	27	29	41	19	5	15	66	15	131	21	13	27	19	42	77	24	24	24	63	61	29	40	6	19	64	21	6	8	28	86	10	12	34	51	47	32	38	30
ENSG00000259444	0	0	0	0	0	0	0	0	0	0	0	0	0	0	0	0	0	0	0	0	0	0	0	0	0	0	0	0	0	0	0	0	0	0	0	0	0	0	0	0	0	0	0
ENSG00000224647	3	0	0	0	0	0	1	0	0	0	0	0	0	1	0	0	2	1	0	2	1	0	0	0	2	1	0	0	3	0	0	0	1	0	0	0	3	0	1	1	0	0	0
ENSG00000258527	1	0	1	1	4	2	5	1	1	0	5	4	4	20	4	4	1	1	4	6	1	1	1	2	5	0	2	6	11	4	0	1	0	5	6	0	0	6	12	4	1	5	6
ENSG00000213417	0	0	0	0	0	0	0	0	0	0	0	0	2	0	0	0	0	0	0	2	1	0	0	0	1	0	0	0	0	0	0	0	0	1	0	1	0	0	0	0	0	0	0
ENSG00000286672	22	5	9	31	28	14	47	26	34	10	30	17	6	68	18	11	9	16	25	48	11	48	7	13	26	10	9	34	47	39	6	10	15	8	68	5	8	13	118	43	1	10	23
ENSG00000232842	1	1	0	2	2	1	0	1	0	0	0	1	0	0	0	0	0	2	0	4	0	0	0	0	0	1	0	0	0	1	0	0	0	0	1	0	0	1	2	0	0	0	0
ENSG00000257711	9	4	0	9	13	3	2	3	1	2	0	1	0	0	0	10	9	4	5	5	4	0	3	3	15	5	5	0	0	5	1	0	1	1	3	0	0	0	1	0	0	3	0
ENSG00000235293	0	0	0	4	1	1	0	2	0	1	0	1	0	0	0	2	1	2	2	2	3	0	0	0	5	1	0	0	0	2	0	0	0	0	0	2	1	2	0	0	0	0	0
ENSG00000280286	12	3	6	40	24	14	47	11	48	5	38	11	3	24	19	10	5	11	77	15	8	24	13	6	13	6	6	19	42	4	6	5	15	11	36	6	9	34	14	12	5	8	28
ENSG00000263861	0	0	0	0	0	0	0	0	0	0	0	0	0	0	0	0	1	0	0	0	0	0	0	0	0	0	0	0	0	2	0	0	0	0	0	0	0	0	1	0	0	0	0
ENSG00000112812	16	0	0	14	5	2	8	2	2	0	5	5	2	0	1	6	6	9	9	14	3	0	4	3	24	9	2	1	0	13	5	1	4	2	6	1	0	2	0	1	0	4	0
ENSG00000258050	2	1	0	1	0	0	1	1	0	0	2	0	0	0	0	0	0	3	2	2	1	0	0	0	2	0	0	3	0	1	1	0	0	0	2	0	0	0	5	0	0	3	0
ENSG00000128595	47	16	7	30	28	17	57	21	29	10	14	22	6	9	26	11	25	55	21	46	40	12	34	24	63	17	21	24	22	67	21	3	19	6	23	6	12	16	20	19	20	34	16
ENSG00000136531	38	8	1	65	49	13	5	19	25	7	6	28	4	0	9	26	24	85	53	116	25	1	7	5	56	51	23	5	0	49	16	8	14	13	69	7	6	13	34	18	0	30	1
ENSG00000260658	3	1	0	8	6	2	1	2	2	1	0	4	2	0	1	3	2	5	5	6	1	0	1	0	5	4	0	1	0	2	0	0	0	1	4	3	2	1	3	0	0	4	0
ENSG00000176115	0	0	0	0	0	0	0	0	0	0	0	0	0	0	0	0	0	0	0	0	0	0	0	0	0	0	0	0	0	0	0	0	0	0	0	0	2	0	0	0	0	0	0
ENSG00000175220	6	1	7	13	6	6	14	3	4	2	7	14	9	9	10	14	3	12	3	21	6	9	6	11	22	4	3	14	6	10	4	4	4	7	8	2	6	12	13	8	4	7	7
ENSG00000186479	3	2	0	13	9	1	1	6	2	1	1	2	0	0	2	4	4	19	14	22	4	0	1	3	15	8	6	1	0	8	3	1	3	2	5	0	0	1	1	2	0	5	1
ENSG00000225469	0	0	0	1	1	0	0	0	0	0	2	0	0	0	0	4	0	3	0	0	0	0	0	0	0	3	0	0	0	3	0	0	1	1	0	0	0	0	0	0	0	0	0
ENSG00000168283	9	4	2	3	5	7	14	5	3	0	2	4	3	4	8	11	2	26	0	8	9	8	11	4	19	9	6	5	7	15	7	3	1	1	13	2	9	1	4	6	6	9	9
ENSG00000228175	0	0	0	0	0	0	1	0	0	0	2	0	1	0	1	0	0	0	0	0	1	1	0	0	1	1	0	1	1	3	0	0	2	2	2	0	0	0	2	0	2	0	0
ENSG00000276185	21	6	3	10	3	3	8	4	4	1	8	7	3	11	18	16	2	16	8	7	38	18	4	22	29	6	4	22	20	12	17	4	12	3	2	6	25	4	2	6	4	9	22
ENSG00000249474	21	15	17	14	21	14	56	11	22	11	15	17	6	13	28	33	5	17	4	20	20	36	10	10	24	9	11	19	32	22	9	4	18	8	14	8	8	15	7	8	9	12	20
ENSG00000034510	331	56	89	90	79	49	207	71	118	28	53	104	26	169	89	84	77	155	58	75	210	104	123	122	322	40	62	160	137	212	125	25	44	29	89	17	61	54	87	43	182	110	152
ENSG00000277514	2	0	0	2	0	0	1	2	1	2	2	0	0	0	2	4	1	6	3	2	1	0	0	0	2	0	0	0	0	2	1	0	1	0	2	0	1	1	2	0	0	0	0
ENSG00000231351	0	0	0	0	0	0	0	0	0	0	0	0	0	0	0	0	0	0	0	0	3	0	0	1	0	0	0	0	0	1	0	0	0	0	0	0	0	0	0	0	0	0	0
ENSG00000287518	8	1	5	10	15	7	28	17	11	6	15	14	5	18	8	6	4	11	5	14	9	18	5	13	32	7	2	4	24	24	9	1	6	7	18	4	6	13	8	14	7	8	22
ENSG00000100652	209	46	124	276	224	187	376	270	313	56	448	174	63	1183	204	110	65	91	321	220	146	592	76	258	411	56	160	123	533	883	78	131	118	265	693	154	77	150	1219	180	57	157	201
ENSG00000258472	0	0	1	0	0	0	0	0	0	0	0	0	0	0	0	0	0	0	0	0	0	0	0	0	0	0	0	0	0	0	1	0	0	0	1	0	0	0	0	0	0	0	0
ENSG00000174684	0	0	1	2	0	0	0	0	0	3	1	0	2	3	0	1	1	4	0	0	3	0	0	0	4	0	0	2	0	4	2	0	1	0	1	0	3	1	3	0	2	0	0
ENSG00000230283	17	3	40	69	69	29	81	113	75	15	30	120	29	129	27	19	9	22	91	86	25	57	16	80	14	7	39	3	16	96	8	17	3	45	138	16	14	49	80	77	19	13	64
ENSG00000226356	0	0	0	0	1	0	0	0	0	1	0	0	0	0	3	1	0	0	0	1	0	0	0	0	5	4	0	0	0	0	0	0	1	0	0	0	0	0	0	0	0	0	0
ENSG00000285190	281	59	212	298	268	99	494	202	294	63	156	148	64	423	341	235	127	360	264	469	289	431	163	418	552	133	85	187	604	449	169	53	114	76	280	68	124	189	133	136	132	203	369
ENSG00000258081	9	2	0	18	12	5	0	1	2	1	1	8	1	0	2	6	9	20	5	17	2	0	3	2	23	8	6	0	1	11	1	6	1	2	7	4	2	5	8	8	0	3	0
ENSG00000237472	2	0	0	0	1	0	1	1	0	0	0	0	0	0	0	1	0	1	0	0	0	0	0	0	3	0	0	1	0	0	0	0	1	0	0	0	0	1	0	0	0	0	0
ENSG00000251152	9	2	0	16	3	3	0	0	2	3	0	7	0	1	2	2	3	10	3	14	4	0	1	1	14	5	2	3	1	6	3	3	3	0	3	0	1	1	2	2	0	3	0
ENSG00000222460	26	8	5	31	31	20	61	42	27	9	41	35	6	66	37	17	10	19	27	44	28	44	8	39	51	15	11	39	60	47	6	8	17	17	66	10	6	27	70	34	3	17	31
ENSG00000201292	0	0	0	0	0	0	0	0	1	0	0	1	0	0	1	0	0	1	0	0	0	1	0	0	0	0	0	0	0	0	0	0	0	0	0	0	0	0	0	0	0	0	0
ENSG00000286005	0	1	0	1	1	0	3	1	0	1	0	0	1	0	0	0	0	0	0	3	0	0	0	0	3	0	0	0	0	5	0	0	0	0	0	0	0	0	0	0	0	0	0
ENSG00000131652	9	2	5	7	6	3	12	8	9	1	1	6	0	4	3	7	3	5	3	9	9	4	2	3	9	7	3	4	12	14	7	0	5	4	20	2	1	4	8	9	5	3	7
ENSG00000286696	13	5	5	19	22	7	34	8	6	6	14	20	3	32	24	7	1	28	15	12	43	22	6	21	22	4	5	17	31	21	2	4	3	4	23	1	12	7	30	17	4	10	15
ENSG00000107185	14	3	2	19	23	7	10	11	11	2	8	7	6	5	7	9	9	16	14	22	11	5	4	5	34	7	5	7	5	21	6	2	6	5	13	2	5	6	13	6	6	10	6
ENSG00000224995	0	0	0	0	0	0	0	0	0	0	0	1	0	0	0	2	0	0	1	4	0	0	0	0	1	0	0	0	0	0	1	0	0	1	0	1	0	0	1	0	0	0	0
ENSG00000268794	0	0	0	1	6	0	0	2	0	0	0	1	0	0	0	2	1	1	1	0	0	0	3	1	3	2	0	0	0	1	0	0	0	1	2	0	0	1	0	0	0	1	0
ENSG00000286060	2	1	0	8	5	3	1	2	4	5	3	2	0	1	2	0	2	2	1	3	2	0	0	1	5	7	2	0	0	6	1	1	1	0	3	1	0	1	2	2	0	1	0
ENSG00000256967	8	4	14	11	5	0	20	3	5	1	10	11	4	13	3	8	3	6	5	14	10	11	2	5	5	1	4	9	21	8	1	1	6	6	7	0	7	6	18	16	4	4	1
ENSG00000248449	3	0	3	6	2	3	3	5	9	1	3	9	2	3	2	1	4	1	4	6	4	7	2	5	14	3	4	6	13	8	3	0	1	0	11	0	2	4	4	1	4	3	8
ENSG00000287418	4	4	0	8	1	1	0	0	3	4	3	1	0	0	1	4	0	12	1	3	0	0	2	2	5	3	1	0	0	4	2	0	0	0	6	0	1	5	4	0	0	5	0
ENSG00000119314	184	56	56	266	186	163	318	231	129	35	108	354	88	237	99	79	145	174	124	493	234	275	120	234	278	119	177	135	122	355	174	51	103	74	237	50	59	154	120	260	147	215	191
ENSG00000232952	9	3	0	1	2	0	2	3	2	0	0	3	0	1	6	3	3	8	6	4	3	0	0	2	4	5	0	1	1	9	3	0	1	1	5	1	2	0	3	0	0	3	1
ENSG00000225877	2	2	0	1	2	1	1	0	0	1	0	0	1	0	0	5	1	1	1	2	0	0	0	0	6	1	1	1	0	3	0	1	1	2	0	0	1	1	1	0	0	0	0
ENSG00000276753	0	0	0	0	0	0	0	0	0	0	0	0	0	0	0	0	0	0	0	0	0	0	0	0	0	0	0	0	0	0	0	0	0	0	0	0	0	0	0	0	0	0	0
ENSG00000230830	2	0	1	5	4	0	1	0	1	0	1	1	0	0	1	0	0	2	2	1	2	0	0	0	2	1	2	0	2	3	0	0	1	0	2	0	0	2	3	2	0	4	3
ENSG00000196652	19	6	1	26	13	5	10	16	3	7	8	13	5	10	10	5	14	18	10	18	20	13	9	13	31	15	5	8	4	15	5	4	7	5	16	3	6	8	7	8	6	17	5
ENSG00000100568	59	13	29	60	143	31	142	45	36	21	118	52	14	22	32	31	32	61	28	158	55	65	25	55	142	41	21	30	39	76	40	12	16	29	96	19	22	22	20	29	38	45	64
ENSG00000201231	0	0	0	0	1	2	0	1	0	0	0	0	0	0	2	0	1	2	1	7	0	0	1	0	1	0	1	1	0	0	0	0	1	1	0	0	0	1	0	0	0	0	0
ENSG00000108468	33	6	7	13	6	6	20	10	13	3	6	16	0	19	17	12	13	27	15	19	17	15	10	11	30	6	8	19	14	26	14	3	6	6	11	2	5	3	13	13	7	13	17
ENSG00000286968	0	0	0	0	0	0	0	0	0	0	0	0	0	0	0	1	0	0	0	0	0	0	0	0	0	0	0	0	0	0	0	0	0	0	0	0	0	0	0	0	0	0	0
ENSG00000176566	5	0	0	5	6	1	1	4	1	0	1	5	0	0	0	2	0	2	7	8	1	1	0	1	10	7	0	0	0	3	3	1	0	1	3	1	1	1	4	2	0	2	0
ENSG00000285912	0	0	0	0	1	0	0	0	0	0	0	0	0	0	0	1	0	0	0	0	0	0	0	0	0	0	0	0	0	1	0	0	0	0	0	0	0	0	0	0	0	0	0
ENSG00000236377	2	0	2	1	3	1	0	2	0	0	0	0	0	0	3	7	2	1	1	4	1	0	0	1	5	1	2	0	0	0	2	1	0	1	1	1	0	0	0	0	0	0	0
ENSG00000235430	1	0	0	0	1	0	0	1	0	0	0	0	0	0	1	0	1	0	0	0	0	0	0	0	4	1	0	0	0	1	0	0	1	0	0	0	2	1	2	0	0	0	0
ENSG00000286949	5	1	0	2	1	0	1	0	0	1	1	3	0	0	1	1	1	0	1	1	1	0	0	0	2	1	1	0	0	0	1	0	0	0	1	0	1	0	0	0	0	0	0
ENSG00000253634	7	0	0	18	6	5	1	1	3	2	1	7	0	0	8	4	6	19	8	15	2	0	0	1	7	11	2	0	1	9	1	1	1	4	7	2	2	4	6	2	1	3	0
ENSG00000248165	2	0	2	3	3	2	8	0	6	0	2	1	3	1	8	3	0	4	3	6	1	4	1	2	4	2	0	2	1	3	1	1	1	0	1	2	0	0	4	0	0	4	1
ENSG00000259464	0	0	0	1	0	0	0	0	0	0	0	0	0	0	0	0	0	0	0	0	0	0	0	0	1	1	0	0	0	1	0	0	0	0	0	0	0	0	0	0	0	0	0
ENSG00000189132	0	0	0	0	0	0	0	0	0	1	0	0	0	0	0	0	0	1	1	2	0	0	0	0	2	2	0	0	0	0	0	0	1	0	2	0	0	0	1	0	0	0	0
ENSG00000264788	0	0	0	0	2	0	0	0	0	0	0	1	0	0	0	0	0	2	0	1	0	0	1	0	0	2	0	0	0	1	0	0	0	0	0	0	0	0	0	1	0	0	0
ENSG00000252268	0	0	0	0	0	0	0	0	0	0	0	0	0	0	0	0	0	0	0	0	0	0	0	0	0	0	0	0	0	0	0	0	0	0	0	0	0	0	0	0	0	0	0
ENSG00000260105	4	3	0	9	2	3	0	2	1	2	2	3	0	0	1	4	2	4	2	3	2	0	1	1	4	1	1	1	0	0	0	0	2	0	0	0	0	0	1	3	0	0	1
ENSG00000259611	2	1	0	6	8	0	0	2	1	1	1	2	0	0	0	7	0	1	2	3	0	1	0	2	12	2	3	2	1	4	2	0	1	0	3	0	0	2	3	0	0	3	0
ENSG00000228135	1	0	0	4	3	0	2	1	3	0	1	1	0	0	1	1	0	0	3	2	1	2	0	0	10	1	0	1	0	5	0	0	0	0	4	0	1	1	1	0	0	0	1
ENSG00000130349	3	2	0	14	2	1	7	1	4	3	1	2	1	1	4	2	2	4	2	7	7	0	1	1	5	6	1	1	2	5	2	0	1	3	4	0	0	2	0	4	2	4	0
ENSG00000113163	390	114	137	328	269	214	573	233	196	127	169	233	71	508	281	196	249	430	271	394	399	336	204	385	430	147	142	216	478	422	189	61	96	139	269	77	83	198	301	158	212	205	242
ENSG00000232977	8	3	1	18	5	1	0	4	1	1	0	8	1	0	0	4	4	13	16	6	2	0	1	1	18	10	0	1	0	5	0	0	2	2	4	0	0	3	9	0	0	2	0
ENSG00000224855	323	111	97	256	145	86	448	112	177	100	187	136	34	282	376	104	96	386	173	367	324	407	149	268	354	76	83	267	617	365	169	48	146	88	217	95	106	142	172	108	105	140	255
ENSG00000182333	10	3	10	23	14	35	77	10	5	3	23	47	5	83	6	8	9	8	26	34	14	10	6	23	22	21	10	2	21	55	8	6	4	11	116	7	0	38	173	16	4	7	9
ENSG00000155760	3	3	0	1	3	0	0	2	1	0	1	4	0	0	1	0	1	2	2	11	1	2	0	0	12	2	1	3	0	1	0	1	0	0	5	0	2	1	4	0	0	3	0
ENSG00000207137	0	0	0	0	0	0	0	0	0	0	0	0	0	0	0	0	0	0	0	0	0	0	0	0	0	0	0	0	0	0	0	0	0	0	0	0	0	0	0	0	0	0	0
ENSG00000125266	10	4	0	6	5	2	3	2	5	2	2	6	0	1	1	6	2	8	4	20	6	0	5	0	14	9	1	4	0	13	1	1	0	0	5	0	3	2	5	1	0	2	0
ENSG00000264966	0	0	0	0	0	0	0	0	0	0	0	0	0	0	0	0	0	0	0	0	0	0	0	0	0	0	0	0	0	0	0	0	0	0	0	0	0	0	1	0	0	0	0
ENSG00000211876	2	0	1	3	0	0	1	1	0	0	1	0	0	0	1	0	0	1	1	4	0	0	0	0	1	0	1	0	1	1	1	0	0	0	0	1	0	0	0	0	0	1	0
ENSG00000235926	2	0	0	3	0	1	0	0	1	0	0	0	0	0	0	0	0	1	2	0	0	0	0	0	1	0	0	2	0	2	0	0	0	0	0	0	0	1	0	0	0	0	0
ENSG00000227841	4	0	1	6	0	0	0	1	0	1	0	0	1	0	0	1	3	4	2	10	2	0	1	0	3	2	2	0	0	3	0	0	2	0	3	2	0	0	3	0	1	3	0
ENSG00000227666	2	0	0	3	0	1	0	1	0	0	0	0	0	0	0	0	0	1	1	0	0	0	0	0	2	0	0	0	0	2	0	0	0	0	0	0	0	0	0	0	0	2	0
ENSG00000107404	3	1	0	4	2	0	4	2	1	1	1	0	0	3	3	2	3	8	0	1	3	1	4	2	11	0	3	1	1	8	2	0	1	0	0	0	1	0	0	1	0	3	7
ENSG00000283973	8	3	5	5	9	0	7	0	5	1	2	4	1	0	3	6	1	5	3	9	11	6	0	5	9	3	3	8	9	10	0	0	3	1	4	1	1	0	0	5	4	2	7
ENSG00000232415	0	1	0	0	0	0	0	0	0	0	0	0	0	0	0	1	0	2	0	0	0	0	0	0	2	0	0	0	0	3	0	0	0	0	0	0	0	0	0	0	0	0	0
ENSG00000105829	20	4	1	23	18	13	22	6	17	7	6	18	7	9	7	11	15	30	15	20	21	6	14	13	43	14	11	7	11	36	10	2	7	2	14	6	4	4	16	8	2	18	3
ENSG00000249494	10	5	0	13	3	2	0	0	2	2	0	6	3	0	1	6	6	6	6	17	3	1	2	4	22	10	3	0	0	9	4	3	3	1	6	4	1	2	15	2	2	9	0
ENSG00000261424	0	0	3	0	3	1	4	0	2	0	1	5	0	10	3	3	1	2	2	12	2	5	0	0	9	4	2	2	2	4	1	0	1	0	2	0	0	0	2	0	0	0	3
ENSG00000222419	0	0	0	1	0	0	0	0	0	0	0	0	0	0	0	0	0	0	0	1	0	0	0	0	1	1	0	0	0	0	2	0	0	0	0	0	0	0	0	0	0	0	0
ENSG00000202027	0	0	0	0	0	0	0	0	0	0	0	0	0	0	0	0	0	0	0	0	0	0	0	0	1	0	0	0	0	0	0	1	0	0	0	0	0	0	0	0	0	0	0
ENSG00000257379	0	0	0	0	0	0	0	0	0	0	0	0	0	0	0	0	0	0	0	0	0	0	0	0	0	0	0	0	0	0	0	0	0	0	0	0	0	0	0	0	0	0	0
ENSG00000165985	31	13	27	10	49	11	83	21	39	11	49	28	8	26	51	34	12	87	18	43	14	75	25	39	59	11	4	77	102	42	25	5	21	16	46	17	37	25	19	21	6	23	81
ENSG00000160111	7	4	0	2	4	1	4	4	4	2	1	3	0	1	5	5	6	3	1	7	1	2	1	3	24	1	3	4	5	2	1	0	3	1	2	1	1	1	2	3	1	3	3
ENSG00000285331	9	0	0	15	12	2	9	3	6	3	1	5	0	2	5	7	5	11	1	6	8	2	1	7	18	2	0	6	2	9	3	1	5	1	3	0	1	1	6	4	4	5	0
ENSG00000169026	10	1	6	8	2	1	5	1	3	0	1	2	2	6	8	6	1	6	7	17	6	6	2	6	11	5	1	13	12	8	4	2	2	2	8	1	6	3	3	5	9	2	11
ENSG00000232811	93	31	66	70	47	94	118	86	83	28	72	67	42	199	110	59	52	61	124	89	82	78	19	129	86	57	67	71	144	118	46	20	23	51	87	16	30	58	131	49	51	78	77
ENSG00000196220	21	10	0	33	28	11	5	11	11	7	4	5	0	1	2	25	9	21	15	33	8	2	5	2	68	9	9	2	0	23	8	0	4	8	15	3	8	3	13	8	2	17	0
ENSG00000131238	130	42	58	170	110	95	211	102	76	35	85	137	53	210	86	93	86	211	110	198	167	187	94	190	204	75	112	117	174	272	100	44	114	91	153	52	30	131	198	194	112	136	149
ENSG00000215206	0	0	0	1	0	0	0	0	0	0	0	0	0	0	0	3	1	2	1	1	0	0	0	0	5	0	0	0	0	2	0	0	1	0	0	0	0	0	1	0	0	0	0
ENSG00000232044	44	12	0	36	18	10	4	6	12	4	9	13	1	0	6	21	13	35	23	48	15	2	3	5	72	22	12	2	0	20	10	2	4	3	15	3	10	5	14	6	0	15	0
ENSG00000088451	8	1	2	16	8	5	12	5	4	6	3	14	1	3	4	5	7	14	9	18	7	5	5	1	7	6	3	2	6	21	8	1	1	2	8	0	3	1	7	6	1	10	8
ENSG00000257325	1	0	0	1	1	1	0	5	3	0	0	1	0	0	3	1	2	0	0	1	0	0	0	0	2	1	0	0	0	1	0	0	0	1	0	0	0	1	1	0	0	0	0
ENSG00000240057	37	9	5	41	22	9	27	12	13	12	11	17	3	12	15	21	15	38	23	62	23	22	14	8	74	17	16	10	32	39	12	7	12	9	30	7	8	11	12	9	12	15	30
ENSG00000279631	11	8	15	9	6	2	15	9	7	4	5	11	0	13	13	15	6	11	12	20	11	21	7	11	18	2	4	6	12	9	7	2	4	8	10	2	6	16	8	0	4	2	21
ENSG00000239001	0	0	0	2	0	0	0	0	0	1	0	1	0	0	0	0	0	0	0	2	1	0	0	0	1	0	0	0	0	0	0	0	0	1	0	0	0	0	0	0	0	0	0
ENSG00000099330	2	0	0	0	1	0	0	0	0	0	0	1	0	0	1	0	0	0	1	0	0	6	1	0	4	2	0	0	0	1	0	0	1	2	0	1	1	0	0	0	0	1	4
ENSG00000234890	3	2	0	5	0	2	0	1	0	0	0	0	0	0	1	3	0	3	3	2	1	0	0	0	8	3	0	0	1	1	1	0	0	1	3	0	0	0	2	2	0	4	0
ENSG00000155792	9	1	0	5	3	1	0	3	1	1	0	3	0	1	2	3	6	6	6	8	2	2	1	0	12	3	2	0	0	3	3	1	1	2	5	2	2	1	1	1	0	9	0
ENSG00000287464	0	2	0	2	0	0	4	1	2	0	1	1	0	0	3	0	0	1	0	3	5	1	0	0	9	0	4	0	1	1	5	1	1	1	1	1	1	1	2	0	0	0	0
ENSG00000266013	0	1	0	0	3	0	0	0	0	0	0	1	0	0	0	0	0	0	0	0	0	1	0	0	0	1	0	0	0	1	1	0	0	0	0	0	0	0	0	0	0	0	0
ENSG00000224028	0	0	0	4	0	1	0	0	1	0	0	2	0	0	0	2	2	1	4	4	0	0	0	0	1	2	0	0	0	1	0	0	1	2	3	1	0	0	3	1	0	1	0
ENSG00000218890	0	0	0	1	0	0	2	0	2	1	0	1	0	0	0	1	0	0	2	4	0	0	0	0	0	2	1	0	0	3	1	0	0	0	3	0	0	0	1	0	0	3	0
ENSG00000270372	0	0	0	0	0	0	0	0	0	0	0	1	0	0	0	0	0	0	0	0	0	0	0	0	1	0	0	0	0	0	0	0	0	0	0	0	0	0	0	0	0	0	0
ENSG00000101146	32	6	4	14	19	8	37	15	15	5	7	20	5	16	22	8	10	26	12	18	22	22	15	14	40	11	18	25	25	36	10	4	14	2	27	6	5	11	15	14	14	11	22
ENSG00000252219	0	0	0	0	0	0	0	0	0	0	0	0	0	0	0	0	0	0	0	0	0	0	0	0	1	0	0	0	0	1	0	0	0	0	0	1	0	0	0	0	0	0	0
ENSG00000105053	31	7	1	23	17	5	14	13	15	5	3	8	3	17	12	11	14	14	7	19	13	10	11	11	45	7	7	7	13	32	5	3	0	7	19	5	5	6	8	12	7	17	9
ENSG00000226724	7	0	0	1	3	0	2	1	2	0	2	0	0	0	0	3	2	5	3	3	1	0	0	5	6	5	1	1	0	2	2	1	5	1	2	1	1	0	3	0	0	0	0
ENSG00000197550	8	2	0	32	17	26	86	12	76	5	1	20	0	4	47	6	8	25	4	5	15	15	4	3	7	4	7	7	9	15	16	2	6	7	4	2	1	10	1	2	2	8	13
ENSG00000121671	6	4	2	13	3	5	4	2	8	2	0	4	2	5	4	4	6	4	3	8	9	10	5	8	32	2	2	4	2	10	3	1	2	5	10	0	6	2	2	9	3	5	5
ENSG00000272555	0	0	0	0	0	1	0	0	0	0	0	1	0	0	0	0	0	2	1	0	0	0	0	0	1	1	0	0	0	1	1	0	1	0	0	1	0	0	0	0	0	0	0
ENSG00000270593	0	0	0	2	1	1	0	0	0	0	0	0	0	0	1	0	2	1	3	1	0	0	0	0	1	1	0	0	1	2	0	0	0	0	1	0	0	0	0	0	0	1	0
ENSG00000269505	2	0	0	2	2	1	0	1	1	0	0	2	0	0	1	1	1	0	2	0	0	1	0	0	4	3	0	0	0	3	0	0	1	0	0	0	3	0	0	0	0	1	0
ENSG00000256691	0	1	0	1	2	2	0	4	0	0	0	0	1	0	0	2	2	9	0	1	1	0	1	2	2	3	0	2	0	2	1	0	0	1	0	1	0	1	2	0	0	2	0
ENSG00000100577	6	3	4	14	6	0	17	3	5	1	7	9	2	13	2	6	5	10	9	17	7	10	4	15	32	4	1	7	13	18	4	1	1	4	15	6	5	10	12	6	1	6	12
ENSG00000241406	0	0	0	2	2	0	5	1	1	0	0	2	0	2	3	0	0	0	2	4	3	4	0	1	4	1	0	0	0	0	1	2	1	0	3	1	0	1	1	1	0	0	0
ENSG00000241002	1	1	0	2	1	1	0	0	0	0	0	0	0	0	0	0	1	1	0	0	0	0	0	0	1	0	0	0	0	0	0	0	0	0	1	0	0	0	1	0	0	0	0
ENSG00000213963	15	1	2	12	11	2	2	9	5	6	1	9	0	0	3	2	3	19	14	11	3	2	1	1	21	15	4	0	2	7	0	1	4	1	12	0	4	2	11	3	0	8	0
ENSG00000235777	37	33	153	158	125	109	280	98	91	24	82	197	71	451	109	67	34	67	215	270	66	212	54	165	119	51	85	42	202	223	30	41	37	54	287	86	23	156	234	83	24	78	106
ENSG00000211590	0	0	0	0	2	0	0	0	0	0	0	0	0	0	0	0	0	0	0	3	0	0	0	0	1	0	0	0	0	1	0	0	0	0	2	0	0	0	0	0	0	0	0
ENSG00000216179	0	0	0	0	0	0	0	0	0	0	0	0	0	0	0	0	0	0	0	0	0	0	0	1	0	0	0	0	0	0	1	0	0	0	0	0	0	0	0	0	0	0	0
ENSG00000285858	1	2	0	1	1	0	0	0	1	0	0	2	1	0	0	2	0	1	2	1	0	1	0	0	1	1	1	0	0	1	0	0	1	1	5	0	2	0	1	0	0	1	0
ENSG00000230718	42	21	74	91	98	67	164	76	71	36	56	103	41	305	82	43	26	39	141	258	47	155	30	140	77	48	71	33	129	139	27	39	31	72	287	68	17	147	221	114	15	39	87
ENSG00000285800	4	2	0	9	6	2	1	0	3	1	4	2	0	0	3	3	0	7	2	10	3	0	3	1	10	6	3	0	0	3	3	0	0	1	7	0	4	1	3	0	0	1	0
ENSG00000231004	0	0	0	0	0	0	0	0	0	1	0	0	0	0	1	0	0	1	0	0	1	0	0	0	1	0	0	0	0	1	0	0	0	0	1	0	0	0	0	0	0	0	0
ENSG00000223450	13	1	5	17	15	8	44	9	18	5	14	11	5	17	21	8	3	9	8	23	11	38	2	10	20	8	7	11	21	21	9	5	16	9	18	2	4	15	19	15	4	7	16
ENSG00000284722	6	2	0	9	4	0	6	0	3	3	2	7	0	0	0	8	5	4	6	13	3	1	0	1	13	7	2	1	0	9	4	0	3	4	5	0	5	1	2	2	1	3	2
ENSG00000266052	0	0	0	2	0	0	0	0	0	1	0	0	0	0	0	2	0	1	2	0	0	0	0	0	2	1	1	0	0	0	0	1	0	0	3	0	1	0	0	0	0	0	0
ENSG00000078114	31	14	4	68	42	7	14	27	18	8	9	28	2	4	14	31	19	74	38	134	14	9	6	4	78	41	17	9	4	32	9	3	6	8	28	10	10	18	22	15	0	34	2
ENSG00000259026	1	1	0	6	3	0	1	1	3	0	1	1	0	0	0	5	1	7	5	5	0	1	0	1	11	3	2	0	0	6	0	0	1	1	2	0	1	2	3	0	0	1	0
ENSG00000263923	2	1	0	2	1	2	0	1	0	1	5	5	0	4	1	0	1	5	7	4	5	2	2	1	7	4	2	2	5	3	0	1	1	1	4	0	0	2	4	1	1	3	0
ENSG00000235136	0	0	0	4	0	1	0	2	0	0	0	0	0	0	0	0	0	0	0	2	1	0	0	0	3	1	0	0	0	0	0	0	0	1	0	0	0	0	1	0	0	0	0
ENSG00000211638	3	0	2	1	0	1	14	6	6	0	0	0	0	1	9	0	7	10	1	4	5	1	0	2	5	0	2	1	1	6	0	1	0	0	1	1	0	2	0	2	1	1	0
ENSG00000181852	33	9	6	40	29	11	25	12	5	8	17	20	7	17	16	11	21	33	22	39	12	16	18	16	58	12	16	16	22	39	23	4	5	9	32	4	7	21	22	14	20	14	22
ENSG00000167553	164	77	75	181	99	42	252	90	59	26	68	104	51	140	102	107	138	86	59	369	131	185	103	221	224	122	51	93	200	176	107	42	49	137	107	58	36	145	82	123	196	90	189
ENSG00000251818	0	0	0	1	0	0	0	0	0	0	0	0	0	0	0	3	0	0	0	1	3	0	0	0	3	0	0	0	0	0	0	0	0	0	0	0	0	0	0	0	0	0	0
ENSG00000205946	0	1	0	0	0	0	0	0	0	0	0	0	0	0	0	0	0	0	0	0	0	0	0	0	0	0	0	0	0	0	0	0	0	0	0	0	0	0	0	0	0	0	0
ENSG00000082258	59	26	12	80	58	50	53	77	43	6	42	74	29	77	55	24	55	58	50	77	78	50	38	66	120	36	52	24	43	135	52	13	41	21	75	18	27	51	32	43	39	47	57
ENSG00000273554	1	0	0	0	0	0	0	0	2	0	0	0	0	0	0	1	0	0	1	0	0	0	0	0	0	0	0	1	0	1	1	0	0	0	0	0	0	0	0	0	0	0	0
ENSG00000116062	797	374	722	874	977	541	2045	781	819	300	917	783	359	1377	797	797	391	876	680	1787	910	1923	503	1177	1232	532	408	840	1783	1160	490	281	466	514	967	418	396	881	967	655	460	538	1357
ENSG00000267182	0	0	0	0	0	0	1	0	0	0	0	0	0	0	0	1	0	0	0	0	0	0	0	0	0	0	0	0	0	1	0	0	0	0	0	0	0	0	0	0	0	0	0
ENSG00000254496	0	0	0	1	2	0	0	0	0	0	1	0	0	1	0	1	0	0	0	2	0	0	0	0	3	1	0	0	0	0	0	0	0	0	1	0	1	0	1	0	0	0	0
ENSG00000235532	4	1	0	6	7	2	5	10	6	4	5	6	0	2	3	2	2	8	3	14	4	8	3	7	15	9	2	1	2	15	8	0	9	3	9	1	7	3	4	3	3	7	4
ENSG00000207139	0	0	0	1	0	0	0	0	0	0	0	1	0	0	0	1	2	1	0	2	0	0	0	0	0	0	0	0	0	0	0	0	1	0	0	0	0	0	0	0	0	2	0
ENSG00000282842	0	0	0	1	2	1	0	0	3	1	0	1	0	0	0	0	0	0	2	0	0	0	1	0	1	0	3	1	0	2	0	0	0	0	2	0	0	0	0	0	0	0	0
ENSG00000263235	22	1	8	19	20	22	18	17	20	5	17	9	11	42	14	7	7	7	18	16	16	28	11	39	33	18	6	25	16	31	7	0	5	8	35	9	11	14	23	19	8	6	14
ENSG00000211855	1	0	0	1	0	0	0	0	0	0	0	0	0	0	0	0	0	0	0	0	0	0	1	0	0	0	0	0	0	0	0	0	0	0	0	0	0	0	0	0	0	2	1
ENSG00000175841	2	3	0	2	0	0	0	1	3	0	1	1	0	0	1	2	0	4	5	1	1	0	0	1	4	1	0	0	0	4	1	1	1	3	2	0	2	0	0	0	1	2	0
ENSG00000186577	5	0	3	3	2	2	2	1	1	1	3	5	1	2	4	2	3	2	1	3	4	3	1	7	10	2	0	0	2	7	2	1	0	0	4	0	1	1	1	0	3	3	0
ENSG00000197943	74	10	17	68	58	40	91	56	30	18	37	44	16	68	39	43	54	50	30	108	77	56	26	77	140	41	28	22	52	123	48	15	20	15	78	15	29	48	38	62	43	63	36
ENSG00000224634	1	1	0	0	0	0	0	0	1	0	0	2	0	0	0	1	1	3	1	2	0	0	0	2	4	0	0	0	0	0	0	0	1	0	1	1	0	0	2	0	0	0	0
ENSG00000154222	17	4	6	26	9	10	10	7	5	7	9	10	4	5	5	16	10	16	12	24	18	15	8	12	31	6	5	17	19	37	6	2	1	9	5	1	7	6	15	11	5	7	5
ENSG00000271327	3	1	1	5	3	3	10	1	2	0	2	3	1	1	5	0	1	3	1	4	1	5	1	5	8	3	4	3	3	6	0	1	0	2	2	0	0	6	4	2	0	3	1
ENSG00000274863	8	3	0	1	3	1	0	0	2	1	0	1	0	0	1	3	2	5	2	3	1	0	0	0	8	1	0	0	0	6	2	0	0	0	2	1	1	0	1	2	0	2	0
ENSG00000224310	3	1	1	4	8	2	0	1	1	0	0	0	0	0	0	7	2	2	1	6	0	0	1	1	9	5	3	1	0	0	0	0	0	0	2	1	0	1	0	0	0	2	0
ENSG00000047315	224	84	60	127	84	74	187	54	80	41	74	72	40	104	148	96	79	198	87	156	176	180	131	124	273	77	62	113	174	230	146	28	51	54	98	43	48	73	71	81	127	113	121
ENSG00000275186	1	0	0	2	2	3	5	4	2	0	0	2	0	0	2	0	1	0	1	1	2	1	0	2	3	1	0	11	2	1	0	0	0	0	4	0	0	0	1	1	0	0	2
ENSG00000215866	4	1	0	1	3	1	4	4	1	3	0	3	0	0	4	6	5	4	4	4	3	0	1	1	13	6	3	1	0	3	3	0	0	0	4	0	4	2	2	2	0	1	0
ENSG00000186281	13	4	3	3	13	2	16	1	4	0	6	4	2	0	7	1	3	17	0	12	10	14	3	5	10	1	1	16	21	9	4	1	8	0	9	2	4	3	6	3	0	5	6
ENSG00000199994	0	0	0	0	0	1	0	0	0	0	1	0	0	1	1	0	0	2	3	0	1	1	0	0	0	1	0	0	0	1	0	0	0	0	1	0	0	1	4	0	0	0	2
ENSG00000268458	5	0	0	8	1	3	3	0	4	1	4	1	3	4	3	3	2	1	0	0	0	2	2	3	4	2	0	3	3	2	0	2	1	0	2	2	1	1	3	4	0	0	0
ENSG00000244550	0	0	0	0	0	0	0	0	0	0	0	0	0	0	0	0	0	0	0	0	0	0	0	0	0	0	0	0	0	0	0	0	0	0	0	0	0	0	0	0	0	0	0
ENSG00000143217	4	0	1	3	3	0	0	2	0	2	0	1	0	0	0	4	1	2	3	4	2	1	1	1	9	1	2	2	2	2	0	0	0	0	5	0	0	1	2	3	0	4	0
ENSG00000232394	0	0	0	2	1	1	0	0	0	0	0	0	0	0	0	0	0	0	0	2	2	0	1	0	1	0	0	2	0	0	1	1	1	0	0	0	1	0	0	0	0	0	0
ENSG00000162636	44	21	22	64	31	27	65	30	36	13	31	45	8	17	37	27	27	61	27	75	43	50	31	50	68	27	35	37	30	77	30	16	19	12	44	12	20	26	28	19	18	23	43
ENSG00000115159	45	15	12	54	24	31	34	37	23	10	18	52	11	41	30	21	33	61	46	58	39	48	27	26	80	22	21	13	20	76	32	3	18	11	46	5	14	32	18	20	32	34	22
ENSG00000271086	5	3	0	16	12	1	0	8	2	3	3	4	1	0	5	7	3	14	4	22	5	0	0	0	21	5	5	1	0	16	5	1	3	3	5	1	2	0	4	3	0	6	0
ENSG00000277670	0	0	0	1	0	0	0	1	1	0	0	0	0	0	0	0	0	0	0	0	0	0	0	0	0	0	0	0	0	0	0	0	0	0	0	0	0	0	0	0	0	0	0
ENSG00000044115	54	19	23	69	52	31	150	56	36	12	39	50	14	36	54	27	45	51	46	109	67	80	31	77	134	36	25	37	80	104	33	6	26	24	82	17	22	42	41	53	43	53	54
ENSG00000223350	0	0	0	0	1	0	13	0	2	1	0	0	0	0	2	1	2	1	2	2	0	4	0	0	3	0	0	0	0	2	0	0	2	1	1	0	1	0	0	1	0	0	0
ENSG00000269353	1	0	0	1	1	0	0	0	0	2	0	0	0	0	0	1	0	2	0	0	1	0	1	0	2	0	0	0	0	3	1	0	1	0	0	0	0	0	0	0	0	1	0
ENSG00000203914	3	1	0	5	3	2	0	0	1	0	0	0	0	0	0	2	1	1	1	7	2	0	0	1	2	1	0	0	0	1	0	0	1	0	2	1	0	1	0	1	0	3	0
ENSG00000207590	2	1	0	0	3	3	8	4	3	1	3	3	0	2	4	4	0	0	0	9	3	11	4	1	3	0	1	4	4	1	0	1	1	1	7	3	0	7	4	2	3	1	6
ENSG00000219592	1	0	0	3	0	0	0	1	0	0	0	0	0	0	0	0	0	1	0	0	0	0	0	0	0	0	0	0	0	0	0	0	0	0	1	0	0	0	1	0	0	1	0
ENSG00000212694	5	4	3	3	4	1	1	5	0	0	3	6	0	3	2	8	2	1	2	1	5	6	5	4	5	2	2	5	3	11	3	0	0	2	0	0	3	1	3	3	0	2	6
ENSG00000278395	0	0	0	0	0	0	0	0	0	0	0	0	0	0	0	0	0	0	0	0	0	0	0	0	0	0	0	0	0	0	0	0	0	0	0	0	0	0	0	0	0	0	0
ENSG00000273320	65	16	58	165	96	9	108	55	11	11	17	89	45	172	47	37	106	11	94	267	13	33	71	257	122	155	67	4	36	63	33	16	8	72	67	30	12	73	150	65	24	94	137
ENSG00000251779	1	0	0	0	0	0	0	0	0	0	0	0	0	0	1	0	0	0	0	0	0	1	0	0	0	0	0	2	0	0	0	0	0	0	0	0	0	0	0	0	0	0	0
ENSG00000280431	1	0	0	1	2	1	0	0	0	0	0	0	0	0	0	1	0	1	1	0	1	0	0	0	2	0	0	1	0	0	1	0	0	1	2	0	0	0	0	0	0	1	0
ENSG00000237877	11	2	0	18	6	5	3	6	4	1	1	14	1	1	5	5	4	23	5	26	7	7	4	0	17	10	3	2	5	20	8	3	2	1	9	3	4	7	7	10	2	9	1
ENSG00000281550	0	0	0	0	0	0	0	0	0	0	0	0	0	0	0	0	0	0	0	0	0	0	0	0	0	0	0	0	0	0	0	0	0	0	0	0	0	0	0	0	0	0	0
ENSG00000088766	1	0	0	3	1	0	1	3	3	0	2	2	0	2	2	2	6	5	0	3	3	0	0	1	8	6	2	0	0	4	0	0	1	0	3	1	1	1	2	2	0	1	0
ENSG00000249581	1	1	0	0	2	0	0	0	2	0	0	0	0	0	0	0	0	2	0	2	0	0	0	0	1	3	0	1	0	4	0	0	0	0	0	0	0	0	0	1	0	0	0
ENSG00000284825	3	1	2	6	9	0	11	7	5	0	6	5	1	2	2	6	0	8	1	6	5	13	0	3	10	6	0	8	22	5	2	0	2	3	10	2	3	1	9	3	0	2	9
ENSG00000143921	18	9	1	15	20	5	14	8	12	6	10	3	2	4	14	8	10	9	8	25	16	26	6	11	41	15	9	14	24	27	3	2	8	8	13	0	9	4	8	6	5	13	14
ENSG00000288081	0	0	0	1	1	0	0	0	1	1	0	0	0	0	0	1	0	1	0	0	0	0	0	0	0	0	0	0	0	0	0	0	0	0	0	0	0	0	0	0	0	0	0
ENSG00000244245	0	0	1	1	0	0	0	0	0	0	0	0	0	0	0	1	0	0	0	0	0	0	1	0	3	0	0	0	0	0	0	0	0	0	0	0	1	0	0	0	0	0	0
ENSG00000283421	2	0	0	2	2	0	0	1	1	0	0	2	0	0	0	2	0	2	1	2	0	2	0	0	1	0	1	2	0	2	1	0	0	0	3	2	0	0	2	0	0	2	0
ENSG00000270552	4	1	0	3	3	1	0	2	0	0	1	0	0	0	0	1	2	0	1	6	0	0	0	0	4	3	2	0	0	2	1	0	0	0	2	0	0	0	1	0	0	1	0
ENSG00000234650	9	0	7	12	10	4	31	9	15	3	21	10	5	12	22	7	2	15	7	33	18	45	4	7	29	7	7	25	35	31	6	8	8	2	22	1	3	8	11	7	2	13	18
ENSG00000251014	1	0	0	0	0	0	0	0	0	0	0	0	0	0	0	1	0	0	0	1	0	0	0	0	1	0	0	0	0	0	0	0	1	0	0	0	0	0	1	0	0	0	0
ENSG00000198211	0	0	0	0	0	0	0	0	0	0	0	0	0	0	0	0	0	0	0	0	0	0	0	0	0	0	0	0	0	0	0	0	0	0	0	0	0	0	0	0	0	0	0
ENSG00000285752	58	15	22	37	28	29	106	27	37	9	35	52	18	59	60	69	21	55	28	41	107	102	39	31	124	19	17	102	105	98	33	12	24	17	61	32	36	19	43	32	40	28	50
ENSG00000223986	0	0	0	0	0	0	0	1	0	0	0	0	0	0	0	0	0	0	0	0	0	0	0	0	0	0	0	0	0	0	0	0	0	0	1	0	0	0	0	0	0	0	0
ENSG00000207930	0	0	0	0	0	0	0	0	0	0	0	0	0	0	0	0	0	0	0	1	0	0	1	0	0	0	0	0	0	0	0	0	0	0	0	0	0	0	0	0	0	0	0
ENSG00000143457	13	3	5	28	11	13	38	11	7	3	7	18	2	11	13	5	12	14	14	15	25	16	6	9	16	13	10	9	32	31	8	4	9	5	26	5	13	20	15	5	6	17	15
ENSG00000132612	174	28	51	113	92	59	188	84	83	45	89	62	27	119	110	99	58	108	51	96	167	187	66	121	188	25	43	164	282	210	72	26	53	39	109	39	61	74	98	77	58	92	113
ENSG00000272549	1	3	0	0	2	0	1	3	0	0	0	1	0	0	0	1	0	1	0	4	2	2	1	0	7	3	0	0	0	2	1	0	0	1	0	1	0	0	1	0	0	0	0
ENSG00000225612	1	0	0	1	1	1	0	1	0	0	0	0	0	0	0	1	1	0	0	0	0	0	0	1	3	0	0	0	0	2	0	0	0	1	1	0	0	0	0	0	0	0	0
ENSG00000258534	1	1	0	1	0	0	0	1	0	0	0	2	0	0	0	1	0	4	1	1	0	0	0	0	2	1	0	1	0	0	2	0	0	0	0	0	0	0	0	0	0	0	1
ENSG00000286731	3	0	0	0	3	1	0	1	0	0	1	1	0	0	0	0	0	0	1	1	1	0	1	2	5	0	0	0	0	1	0	0	0	1	0	0	0	0	1	0	0	0	0
ENSG00000185269	1	1	0	0	1	0	0	0	0	0	0	0	0	0	0	1	1	0	0	1	0	0	0	0	1	0	1	0	0	0	0	0	0	0	0	0	0	0	1	0	0	0	0
ENSG00000270111	14	2	0	25	14	0	2	3	4	7	2	8	3	0	1	11	4	12	14	31	4	0	6	1	29	10	7	1	1	12	1	1	4	1	6	1	3	5	5	3	0	8	2
ENSG00000163481	22	3	0	6	7	3	7	10	2	3	0	7	4	4	2	6	2	9	5	9	8	9	13	8	13	4	4	5	10	14	2	1	7	3	5	0	2	3	6	3	5	6	8
ENSG00000287879	3	2	0	3	3	1	0	0	1	1	2	0	1	1	0	3	3	0	2	1	1	1	3	3	5	0	0	0	0	0	0	0	0	0	0	0	0	0	0	2	0	0	0
ENSG00000283845	0	0	0	0	0	0	0	0	0	0	0	0	0	0	0	0	0	0	0	0	0	0	0	0	0	0	0	0	0	0	0	0	0	0	0	0	0	0	0	0	0	0	0
ENSG00000288629	0	0	0	0	0	0	0	0	0	0	0	0	0	0	0	0	0	0	0	0	0	0	0	0	0	0	0	0	0	0	0	0	0	0	0	0	0	0	0	0	0	0	0
ENSG00000240590	0	0	0	2	1	0	0	0	0	0	0	0	1	0	0	0	0	2	2	4	1	0	0	0	1	1	0	0	0	3	0	0	1	0	0	0	0	0	1	3	0	0	0
ENSG00000145868	72	36	21	99	66	53	105	67	53	18	26	119	29	60	40	39	70	53	59	192	86	58	59	87	126	44	52	34	41	125	75	14	24	39	98	25	36	49	48	72	38	68	75
ENSG00000070669	3	2	0	7	6	0	3	2	3	1	2	3	0	0	1	3	2	3	5	5	2	1	2	0	5	4	0	0	0	5	2	0	3	0	6	2	0	0	0	0	0	3	1
ENSG00000219451	1	0	1	3	2	1	0	1	0	1	2	0	0	0	1	1	2	4	0	2	0	1	0	2	7	0	0	0	0	0	0	0	0	0	0	0	0	1	0	1	1	0	1
ENSG00000279214	2	1	0	4	2	0	1	0	2	1	0	2	0	0	0	6	2	1	0	2	1	1	0	0	0	3	0	0	0	4	0	0	0	0	3	1	0	1	1	1	0	2	0
ENSG00000234921	0	1	0	2	0	0	0	0	0	1	1	2	0	0	0	0	0	0	0	0	0	0	0	0	4	0	0	0	0	3	0	0	0	0	0	0	0	0	0	1	0	1	0
ENSG00000198899	65	83	11	92	109	13	63	40	12	29	19	102	19	16	46	117	126	86	92	44	20	41	7	37	114	91	49	81	23	125	56	16	31	50	166	41	14	65	66	26	24	96	24
ENSG00000178585	1	1	0	4	1	0	0	2	1	0	0	4	0	4	2	6	0	2	6	5	3	2	4	0	8	4	1	4	2	9	1	1	0	2	4	3	0	0	3	0	3	1	3
ENSG00000157306	12	0	4	9	6	3	7	2	6	1	6	8	1	1	1	11	3	0	4	7	4	8	0	5	11	5	2	7	2	7	1	0	5	4	5	0	2	3	11	5	0	7	0
ENSG00000283733	0	0	0	0	0	0	0	0	0	0	0	0	0	0	0	0	0	0	0	0	0	0	0	0	0	0	0	0	0	0	0	0	0	0	0	0	0	0	0	0	0	0	0
ENSG00000280049	1	0	0	2	0	0	0	1	2	0	0	0	0	0	0	0	2	1	0	0	0	0	0	0	0	2	0	0	0	0	2	0	0	0	0	1	1	0	1	0	0	0	0
ENSG00000267750	8	3	2	21	52	1	9	12	5	1	7	3	19	16	0	32	8	12	21	636	10	47	5	34	111	48	3	1	15	33	7	3	8	10	32	6	6	14	7	8	30	11	34
ENSG00000257773	2	0	0	3	1	0	1	1	1	1	1	1	0	0	0	2	3	0	0	3	1	0	1	0	6	0	0	0	0	0	0	0	0	0	0	1	1	0	0	0	0	1	0
ENSG00000184730	2	3	5	25	12	3	13	7	7	2	2	6	4	29	6	18	7	1	2	8	7	4	5	22	5	7	10	7	3	14	4	1	4	13	14	3	5	7	21	19	3	8	11
ENSG00000248362	0	0	0	3	0	0	1	1	0	0	0	1	0	0	1	0	2	2	2	2	1	1	0	0	8	0	1	0	0	0	0	0	0	0	2	0	0	2	2	4	0	0	0
ENSG00000215930	0	0	0	1	0	0	1	0	0	0	0	0	0	0	0	1	0	0	0	2	0	0	0	0	0	1	0	0	0	2	0	0	0	0	0	0	0	0	0	0	0	0	0
ENSG00000253138	1	1	0	12	1	2	2	2	1	1	1	1	0	0	2	0	6	4	1	7	0	0	2	1	7	2	4	0	0	3	3	0	2	0	0	0	4	1	3	1	0	5	0
ENSG00000240254	77	31	23	134	87	61	107	75	73	25	46	33	20	186	81	68	60	108	58	133	51	104	54	93	87	49	42	59	118	119	20	18	22	26	78	23	22	55	196	57	22	38	43
ENSG00000275982	0	0	0	0	0	0	0	0	0	0	0	0	0	0	0	0	0	0	0	0	0	0	0	0	0	0	0	0	0	0	0	0	0	0	0	0	0	0	0	0	0	0	0
ENSG00000213735	0	0	0	2	0	0	0	1	0	0	1	0	0	0	2	0	0	0	1	0	0	0	0	0	0	0	0	0	0	0	0	1	0	0	0	0	0	0	0	0	0	0	0
ENSG00000187550	0	0	0	4	2	0	0	0	0	0	0	0	0	0	0	0	0	0	0	1	0	0	0	1	4	0	0	1	0	1	0	0	0	0	1	0	0	0	1	0	0	0	0
ENSG00000181101	0	0	0	0	3	0	0	0	0	0	0	2	0	0	0	0	0	0	0	0	0	0	0	0	0	0	0	0	0	0	0	0	0	0	0	0	1	0	0	1	0	0	0
ENSG00000286454	3	0	0	5	4	2	0	0	1	0	0	2	0	0	2	1	2	8	8	1	3	0	0	1	7	6	2	1	0	8	1	0	1	0	5	0	2	3	4	0	0	1	0
ENSG00000258357	3	0	0	3	0	0	0	0	2	0	1	0	0	0	0	1	2	0	1	1	0	1	0	1	4	1	0	0	0	2	0	0	0	1	3	0	0	0	1	0	0	2	0
ENSG00000077312	4	2	2	2	4	2	7	7	3	3	3	5	1	9	0	2	2	3	1	1	4	0	4	2	12	1	0	5	6	15	2	0	1	0	3	1	1	1	3	1	1	6	3
ENSG00000284981	0	0	0	0	0	0	0	0	0	0	0	0	0	0	0	0	0	0	0	0	0	0	0	0	0	0	0	0	0	0	0	0	0	0	0	0	0	0	0	0	0	0	0
ENSG00000234397	0	0	0	0	2	0	0	0	0	0	0	1	0	0	0	1	0	1	0	0	0	0	0	0	0	0	0	0	0	1	1	0	0	0	0	0	0	0	0	0	0	1	0
ENSG00000206846	2	0	0	0	0	0	1	0	0	0	1	2	0	1	0	1	0	0	3	4	0	0	0	0	0	1	0	0	0	1	0	0	0	0	0	0	0	0	1	0	0	0	0
ENSG00000255403	4	1	0	9	2	0	0	1	0	0	0	5	0	0	1	3	3	9	6	4	0	0	1	0	4	5	0	0	0	5	2	0	0	1	3	1	0	2	0	1	0	2	0
ENSG00000132275	18	9	2	12	9	8	7	8	8	5	2	7	1	6	2	12	12	15	6	18	10	15	3	7	33	11	5	7	8	25	8	0	6	4	19	2	2	9	11	11	1	16	9
ENSG00000237628	0	1	0	0	0	0	1	2	0	0	0	0	0	0	0	1	1	0	0	0	2	3	1	0	1	2	1	0	0	1	0	0	0	0	0	0	1	0	0	0	0	0	0
ENSG00000204160	31	13	7	41	59	45	41	73	15	6	9	41	22	95	11	15	40	18	22	85	22	25	16	88	61	36	44	15	24	106	22	10	10	28	46	11	10	50	47	70	36	52	51
ENSG00000284716	2	0	2	5	4	0	8	3	1	0	5	0	0	6	0	3	1	1	4	2	3	5	0	1	6	1	1	3	2	6	2	0	0	1	7	1	1	4	4	0	0	3	0
ENSG00000221040	0	0	0	0	2	0	0	0	0	2	0	0	0	0	0	1	0	1	0	0	0	0	0	0	0	1	0	0	0	0	0	0	0	0	0	0	0	0	0	0	0	1	0
ENSG00000240905	2	0	0	5	5	2	4	1	0	1	5	3	7	10	1	0	2	0	4	6	2	2	2	10	2	5	1	2	2	6	0	0	1	7	1	1	1	9	10	6	0	2	0
ENSG00000115310	64	24	32	77	77	68	97	69	42	7	25	80	24	101	50	21	71	53	73	87	56	54	36	86	84	34	49	34	33	98	42	13	15	26	68	21	17	48	43	46	30	55	85
ENSG00000224122	1	1	0	3	0	0	0	0	1	0	0	3	0	0	1	0	3	3	1	0	0	0	0	0	1	0	1	0	0	0	1	2	0	0	1	0	0	0	3	0	0	1	0
ENSG00000119669	5	2	1	8	2	4	6	6	1	1	6	6	0	8	7	5	5	1	11	12	8	6	1	8	10	8	6	7	6	12	1	2	1	2	14	2	5	5	5	7	2	2	8
ENSG00000248946	0	1	0	2	2	0	1	1	0	0	0	0	0	0	1	0	0	1	2	3	0	4	0	0	3	2	0	0	1	3	1	0	1	0	0	1	1	1	0	1	0	0	0
ENSG00000257829	4	3	0	4	0	0	0	1	1	1	0	0	0	0	1	0	1	2	1	0	4	0	1	0	4	3	0	1	0	4	0	1	0	0	0	0	0	1	1	0	0	0	0
ENSG00000279589	1	2	0	1	1	1	3	0	1	1	0	0	0	1	3	0	0	4	0	4	1	2	0	2	6	5	1	1	1	2	0	0	0	0	5	0	0	0	3	1	0	0	1
ENSG00000240427	1	0	0	0	0	0	1	0	0	0	0	1	0	0	0	0	1	1	0	6	0	1	0	0	3	0	0	0	1	2	1	1	1	0	1	0	0	1	0	2	0	0	0
ENSG00000186063	74	19	23	41	66	48	120	56	45	25	49	62	19	95	57	41	33	41	55	111	72	111	33	53	110	33	30	79	105	97	35	11	35	37	97	16	33	51	93	37	39	53	58
ENSG00000286591	6	2	0	7	2	1	0	2	1	0	2	1	0	0	1	6	3	6	4	11	1	0	0	0	14	3	1	1	0	5	2	0	0	1	3	1	2	6	3	0	0	2	0
ENSG00000270574	19	4	1	24	28	17	31	20	12	7	25	24	6	33	13	8	5	28	27	57	18	77	11	27	46	5	20	15	64	48	7	8	21	10	59	12	18	32	26	18	4	20	29
ENSG00000223829	5	4	0	6	4	0	1	0	1	1	0	1	1	0	1	2	2	1	2	9	0	1	0	0	8	3	3	0	0	4	5	0	0	1	1	1	1	1	0	3	0	2	0
ENSG00000284673	0	0	0	0	0	0	0	0	0	0	0	0	0	0	0	0	0	0	0	0	0	0	0	0	0	0	0	0	0	0	0	0	0	0	0	0	0	0	0	0	0	0	0
ENSG00000243720	2	1	0	0	0	0	2	2	0	0	1	1	0	0	0	0	1	2	0	5	2	0	0	0	1	1	0	0	0	2	0	0	0	0	1	0	0	0	0	0	0	0	0
ENSG00000180376	126	34	69	80	96	67	209	109	97	17	96	116	28	90	76	111	42	132	86	166	156	230	75	119	255	67	46	103	198	188	56	24	58	62	150	44	51	82	125	71	50	60	133
ENSG00000255446	0	0	0	1	1	0	1	0	0	0	0	2	0	0	0	3	1	0	2	3	2	0	1	1	3	3	0	0	0	0	0	0	0	0	0	0	0	0	0	0	0	0	0
ENSG00000010319	2	2	0	3	1	3	0	0	0	0	0	3	0	0	0	5	0	3	4	1	0	1	0	0	8	3	0	0	0	1	0	0	0	1	4	0	0	2	0	2	0	0	0
ENSG00000254131	0	0	0	0	0	1	3	0	2	0	1	0	0	3	1	0	0	1	1	0	1	0	0	0	1	1	0	2	0	0	0	0	0	0	0	0	0	0	2	2	0	1	0
ENSG00000159712	7	0	0	16	9	4	4	1	2	2	2	2	0	0	0	2	7	14	8	14	5	0	2	2	21	9	5	3	2	13	3	3	2	1	10	3	1	1	5	4	0	6	0
ENSG00000241484	3	0	0	2	5	0	0	0	2	0	1	0	0	0	2	2	4	0	0	0	1	0	1	0	4	1	0	1	0	2	0	0	0	0	3	0	1	0	3	0	0	1	0
ENSG00000074356	50	12	8	43	47	24	41	38	29	9	14	34	6	13	30	32	27	34	15	52	32	22	17	28	102	39	31	16	21	55	19	9	21	10	45	7	12	15	32	40	6	29	20
ENSG00000199311	0	0	0	0	0	0	0	0	0	0	0	0	0	0	0	0	0	0	0	0	0	0	0	0	2	0	0	0	0	0	0	0	0	0	0	0	0	0	0	0	0	0	0
ENSG00000145861	9	1	0	0	0	0	0	2	0	0	0	0	0	0	0	1	3	2	2	3	1	0	1	0	5	3	0	0	0	3	0	1	0	0	0	0	1	0	2	0	0	0	0
ENSG00000007384	5	3	3	4	4	1	9	5	5	3	4	8	0	1	3	0	0	3	1	4	6	3	0	8	14	1	0	3	12	4	1	1	2	3	0	0	5	3	2	0	0	1	7
ENSG00000266963	3	0	0	1	0	0	6	1	1	0	0	0	1	1	2	1	3	0	0	3	0	7	1	0	9	0	0	0	7	1	0	0	0	2	0	0	0	3	1	1	3	1	7
ENSG00000261457	2	0	0	2	2	2	0	1	0	1	0	0	0	0	1	0	0	4	4	2	0	0	1	1	7	3	1	0	1	8	3	0	0	0	5	0	1	0	0	0	0	2	0
ENSG00000232314	3	1	0	2	0	0	0	0	2	0	0	2	0	0	0	2	1	2	2	4	0	0	0	0	2	2	2	2	0	1	0	0	2	1	6	0	0	0	3	1	0	0	0
ENSG00000231691	3	0	4	7	3	2	0	0	1	0	1	2	1	2	1	4	0	0	0	1	1	1	0	0	8	0	0	0	0	3	1	0	1	1	1	0	0	0	1	0	0	2	2
ENSG00000199444	2	1	1	5	4	0	7	0	0	0	4	0	1	0	2	2	1	0	0	5	0	1	0	1	3	3	0	1	2	4	0	0	0	1	6	0	1	1	2	2	1	1	2
ENSG00000271499	1	0	0	1	4	1	2	2	1	0	2	0	0	0	1	1	0	2	0	0	0	0	0	0	2	0	0	0	0	1	0	0	0	0	1	0	0	3	1	0	0	0	0
ENSG00000272167	4	1	0	8	6	3	2	2	0	0	2	1	0	0	0	0	1	2	3	2	0	3	0	1	10	5	0	2	3	5	2	0	0	0	4	0	2	0	0	0	0	7	0
ENSG00000222268	0	0	0	0	0	0	1	0	0	0	0	1	0	0	0	0	0	0	0	0	0	0	0	0	1	0	0	1	0	0	0	0	0	1	1	0	0	0	0	0	0	0	0
ENSG00000254089	4	5	0	5	1	0	0	0	1	0	0	0	0	0	2	4	2	8	3	16	3	3	0	1	6	3	1	1	0	2	0	0	0	2	1	1	0	0	0	1	0	1	0
ENSG00000252640	0	1	0	0	0	0	0	0	0	0	0	0	0	0	0	0	0	0	0	0	0	1	0	0	0	0	0	1	0	0	0	0	0	0	0	0	0	0	2	1	0	0	0
ENSG00000222741	0	0	0	1	0	0	0	0	0	0	0	0	0	0	0	0	0	3	0	0	0	0	0	0	0	0	0	0	0	1	1	0	0	0	0	0	0	0	0	1	0	1	0
ENSG00000285734	11	4	0	7	8	3	1	2	0	0	0	2	0	0	2	1	3	2	4	15	3	0	2	1	25	3	3	0	0	6	1	0	1	6	4	1	2	2	1	0	0	1	0
ENSG00000253940	1	0	0	2	0	0	0	0	0	0	1	2	0	0	1	0	3	5	0	2	1	0	0	0	1	0	0	0	0	2	0	0	0	1	1	0	0	0	0	0	0	0	0
ENSG00000129559	13	4	4	16	10	3	10	6	6	3	3	6	1	4	5	7	12	23	3	24	15	6	7	11	37	12	8	9	8	21	8	0	5	4	23	2	3	5	11	5	9	21	13
ENSG00000186051	0	0	0	1	0	0	0	0	1	0	0	0	0	0	0	0	0	0	2	0	0	0	0	0	3	0	0	0	0	2	0	0	0	1	0	0	0	0	0	0	0	0	0
ENSG00000254893	4	2	1	0	6	1	3	1	0	1	0	2	1	4	0	1	0	4	3	4	0	1	0	0	6	1	0	2	1	5	0	0	0	0	0	0	0	1	1	1	6	3	4
ENSG00000199782	0	0	0	0	0	0	0	0	0	0	0	0	0	0	0	0	0	0	0	0	0	0	0	0	1	0	0	0	0	0	0	0	0	0	0	0	0	0	0	0	0	0	0
ENSG00000175518	3	2	0	3	8	1	0	2	2	0	0	2	0	0	4	0	0	5	1	5	0	0	3	4	5	4	1	1	1	3	0	0	0	0	6	0	2	2	1	1	0	1	0
ENSG00000286111	0	0	0	0	0	0	0	0	0	0	0	0	0	0	0	0	0	0	0	0	0	0	0	0	0	0	0	0	0	0	0	0	0	0	0	0	0	0	0	0	0	0	0
ENSG00000234701	1	1	0	2	1	1	0	0	2	0	0	1	0	0	3	0	2	4	0	0	0	0	0	0	1	1	0	0	0	0	0	0	1	0	1	0	0	0	0	0	0	1	0
ENSG00000222522	0	0	0	0	1	0	0	2	0	1	0	0	0	0	0	0	0	2	1	0	1	0	0	0	1	1	1	0	0	1	0	0	0	0	1	0	0	1	0	0	0	2	0
ENSG00000256683	19	3	2	20	12	7	16	10	9	5	6	14	4	9	11	14	8	7	17	36	15	7	6	8	27	10	7	6	7	21	8	1	6	8	16	2	1	2	14	8	10	14	13
ENSG00000267575	29	9	3	48	30	17	29	17	17	5	19	25	6	14	23	19	19	33	20	33	18	30	13	15	84	16	9	15	27	54	15	3	12	9	24	10	9	16	17	9	6	21	20
ENSG00000229356	2	0	1	5	1	2	7	3	2	0	0	0	0	1	3	0	3	1	4	0	1	1	1	1	7	2	0	0	0	1	0	0	0	0	0	2	0	0	1	0	0	2	2
ENSG00000270994	2	0	1	2	4	0	0	0	0	0	1	2	0	1	0	0	0	0	0	0	0	0	0	1	3	2	2	0	0	0	1	0	1	0	3	0	0	0	1	1	0	1	0
ENSG00000233892	4	1	0	3	2	1	4	0	1	0	1	1	0	1	0	2	2	1	4	2	1	1	0	3	7	2	1	1	0	6	3	4	0	2	3	0	0	0	2	4	0	0	0
ENSG00000041353	27	8	10	23	30	22	14	10	10	7	14	35	11	14	16	10	15	40	32	68	33	23	8	26	55	24	25	4	32	79	14	13	20	26	42	11	9	18	29	20	20	31	22
ENSG00000233782	1	0	0	3	2	2	0	0	1	0	0	0	0	0	1	0	0	2	1	2	1	0	1	0	7	0	0	0	0	5	2	0	0	0	0	1	0	1	2	0	0	2	0
ENSG00000081985	36	8	21	36	30	8	51	16	51	7	27	20	3	16	24	12	19	38	11	54	29	28	4	11	37	18	11	28	30	51	11	2	14	10	23	10	10	13	26	20	9	15	15
ENSG00000224278	2	0	0	4	0	0	0	1	0	0	0	0	0	0	0	2	0	1	0	3	0	0	0	0	0	0	0	1	0	0	2	0	3	0	2	0	0	0	1	0	0	0	0
ENSG00000232433	1	0	0	2	2	0	0	0	0	0	0	0	0	0	0	1	0	1	1	1	0	0	2	0	0	0	1	0	0	0	2	0	1	0	1	0	1	1	3	0	0	1	1
ENSG00000148229	52	7	4	18	10	12	25	7	22	5	13	12	3	6	21	9	14	36	12	27	27	9	13	17	56	6	18	17	12	45	13	3	14	5	18	2	11	9	7	4	12	10	9
ENSG00000129152	0	0	0	1	1	2	0	0	0	0	0	0	0	0	0	0	2	0	0	0	0	0	0	0	2	0	0	1	0	2	0	0	0	0	0	0	0	0	0	0	0	0	0
ENSG00000271992	0	1	0	2	0	0	1	0	1	0	0	1	0	0	0	0	0	0	0	1	2	0	0	0	7	0	0	0	0	2	0	0	0	0	1	0	0	0	0	0	0	1	0
ENSG00000235050	8	2	0	15	7	3	0	6	4	1	0	8	0	0	0	3	8	28	7	22	7	0	1	0	17	6	3	1	0	18	2	1	1	1	8	2	0	5	10	1	1	8	0
ENSG00000185264	7	0	0	3	1	0	0	0	0	1	0	0	0	0	1	0	0	2	0	1	1	0	0	0	6	0	2	0	0	5	0	1	0	1	2	1	0	2	1	0	0	1	0
ENSG00000197213	2	1	0	3	7	0	1	1	1	2	0	1	0	0	0	2	0	4	1	3	0	0	2	0	10	4	0	1	0	4	5	0	0	0	0	0	1	2	0	0	0	2	0
ENSG00000143545	1	0	0	1	0	1	1	2	1	0	0	0	0	0	0	5	0	3	2	7	3	0	0	3	6	2	1	2	0	4	0	0	0	1	5	1	1	1	1	1	0	1	2
ENSG00000092470	34	11	6	29	16	11	13	5	14	7	6	14	4	6	22	14	11	27	8	22	38	6	12	6	36	16	14	17	13	35	9	1	12	3	12	3	14	7	14	6	4	16	3
ENSG00000264644	2	0	0	1	0	0	0	0	0	0	0	0	0	1	0	0	0	2	0	1	0	0	0	2	3	0	0	0	0	1	0	0	0	0	2	0	0	3	1	0	1	0	0
ENSG00000180662	5	1	1	5	4	1	31	1	2	0	3	1	0	1	3	0	1	1	3	6	4	6	1	1	4	1	1	9	4	4	2	0	4	1	5	0	0	2	12	4	0	1	5
ENSG00000119688	13	4	1	13	5	3	8	10	3	4	5	14	1	4	3	5	10	13	1	12	8	2	5	10	22	9	6	0	7	15	7	1	2	3	6	0	5	5	8	1	5	8	5
ENSG00000155622	2	0	0	3	1	0	0	0	1	0	0	0	0	0	0	1	0	5	0	3	0	0	0	2	1	2	1	0	0	2	1	0	1	1	1	0	1	0	0	1	0	0	0
ENSG00000149328	18	4	2	12	8	5	11	12	11	3	9	3	0	1	0	6	5	20	4	5	9	15	3	2	25	5	5	8	12	25	0	2	1	1	12	3	3	1	3	0	0	4	2
ENSG00000204291	9	6	0	18	7	4	6	2	4	1	1	6	1	0	2	10	7	10	9	17	6	1	0	2	29	17	2	0	1	16	2	0	2	2	7	1	2	1	8	4	0	9	0
ENSG00000236601	0	0	0	0	0	0	0	0	0	0	0	0	0	0	0	0	0	0	0	0	0	0	0	0	0	0	0	0	0	0	0	0	0	0	0	0	0	0	0	1	0	0	0
ENSG00000170989	63	9	9	18	28	25	27	29	31	6	11	14	20	21	20	13	32	23	22	76	29	28	17	24	50	10	17	31	29	92	22	4	26	4	29	3	27	9	11	8	12	21	21
ENSG00000108381	13	3	0	19	6	3	1	12	2	6	1	10	0	1	3	6	6	9	10	24	2	1	1	0	26	14	2	2	0	6	3	3	2	1	19	0	1	4	9	2	1	1	0
ENSG00000250637	2	0	0	6	2	2	0	1	0	0	0	2	0	0	0	3	0	7	1	3	3	0	1	0	2	0	2	2	0	4	1	0	1	0	3	1	0	1	2	1	0	2	0
ENSG00000182118	15	3	1	10	8	5	10	1	5	1	5	7	1	1	4	7	7	13	6	4	6	9	1	7	8	4	6	0	1	6	4	0	1	1	4	2	0	0	3	2	1	11	5
ENSG00000162739	55	10	4	41	35	35	35	32	44	11	19	29	7	14	65	5	18	85	16	37	67	28	10	18	63	7	31	62	27	106	17	3	40	4	43	8	21	17	20	27	12	42	26
ENSG00000251334	0	1	0	0	3	0	0	0	0	1	0	0	0	0	0	0	1	0	2	1	0	0	0	0	0	0	0	0	0	1	0	0	0	0	0	0	0	0	0	0	0	0	0
ENSG00000239930	0	0	0	0	0	0	0	0	0	0	0	0	0	0	0	0	0	0	0	0	0	0	0	0	0	0	0	0	0	0	0	0	0	0	0	0	0	0	0	0	0	0	0
ENSG00000139168	263	113	50	169	126	68	360	94	158	92	148	80	27	157	248	68	66	220	102	176	260	231	132	168	280	60	82	287	455	214	135	47	104	64	156	64	130	98	163	88	99	100	132
ENSG00000255345	3	0	0	2	6	2	0	0	4	1	0	3	0	0	0	2	0	4	2	3	0	0	0	0	11	2	1	0	0	1	1	2	0	2	5	0	2	2	3	0	0	3	0
ENSG00000212864	0	0	0	1	0	0	0	0	0	0	0	0	0	0	0	0	0	0	0	0	0	0	0	0	2	0	0	0	0	0	0	0	0	0	0	0	0	0	0	0	0	0	0
ENSG00000254508	0	1	0	2	2	0	0	2	1	0	0	1	0	0	1	1	0	0	2	2	0	0	0	0	3	1	0	0	0	1	0	1	0	1	0	0	1	0	0	0	0	0	0
ENSG00000234732	0	0	1	1	0	0	0	0	0	0	0	0	1	0	1	0	1	0	1	1	1	0	0	0	0	0	0	1	2	0	0	0	0	0	0	0	0	0	2	0	0	1	0
ENSG00000284731	0	0	0	0	0	0	0	0	0	0	0	0	0	0	0	0	0	0	0	0	0	0	0	0	0	0	0	0	0	0	0	0	0	0	0	0	0	0	0	0	0	0	0
ENSG00000198939	8	3	0	12	6	3	1	0	3	2	0	4	0	1	1	1	3	3	8	8	2	0	0	0	12	8	3	3	1	9	3	0	0	0	7	0	2	0	4	1	0	4	1
ENSG00000124164	17	10	6	30	16	19	31	17	14	2	13	21	1	7	16	23	18	31	20	36	10	22	12	14	61	22	18	10	8	34	17	5	13	7	23	3	5	12	18	16	6	19	10
ENSG00000280417	12	3	4	3	4	1	0	0	4	0	2	4	0	3	8	1	6	5	7	10	4	5	1	2	4	5	3	5	12	6	4	1	1	2	8	1	1	2	6	6	0	3	1
ENSG00000228392	6	1	0	7	5	0	1	1	1	0	1	1	0	0	1	5	2	6	6	13	3	0	0	3	13	10	0	1	0	0	4	0	0	0	6	1	0	0	1	0	0	2	0
ENSG00000254879	18	6	29	28	31	31	75	31	13	5	26	28	12	70	29	14	8	24	17	54	17	41	13	35	16	12	15	38	44	26	12	14	17	31	51	17	5	43	139	80	5	14	17
ENSG00000280129	2	0	0	1	2	1	0	1	0	1	0	0	0	2	1	0	0	1	1	3	0	1	0	0	2	0	1	2	0	2	0	0	1	1	0	0	0	0	1	0	0	2	0
ENSG00000229335	0	0	0	0	0	0	0	0	0	0	0	0	0	0	0	0	0	0	0	0	0	0	0	0	0	0	0	0	0	0	0	0	0	0	0	0	0	0	0	0	0	0	0
ENSG00000212961	1	2	0	3	3	2	3	1	2	1	4	0	0	1	1	6	2	0	1	10	3	4	2	1	6	1	1	2	2	2	3	0	1	2	1	0	0	0	2	1	0	1	1
ENSG00000136834	1	0	0	1	2	0	2	0	0	3	0	2	0	0	0	0	0	1	2	4	1	1	1	0	1	0	0	1	3	0	0	0	1	1	3	0	0	0	1	0	2	1	1
ENSG00000237614	3	2	0	0	1	1	0	0	1	0	0	0	0	0	0	0	0	3	2	3	0	0	0	0	8	1	0	2	0	1	0	0	0	0	1	0	2	1	1	1	0	1	0
ENSG00000187003	3	1	0	0	1	0	1	0	1	0	2	4	0	2	1	2	0	0	1	1	1	0	1	1	4	0	0	0	3	6	3	0	0	0	0	0	2	0	2	0	2	0	1
ENSG00000277901	0	0	0	0	1	1	0	0	0	0	0	0	0	0	0	1	0	0	0	0	0	0	1	0	2	1	0	0	0	1	0	0	0	0	1	0	0	1	0	0	0	0	0
ENSG00000260471	0	1	0	0	0	0	0	1	0	0	0	2	0	0	0	0	0	1	1	2	0	0	0	0	4	1	1	1	0	1	0	0	0	0	0	0	0	0	1	0	0	0	0
ENSG00000279848	6	2	0	6	9	0	0	1	1	0	2	3	0	0	0	2	1	8	1	3	1	0	2	1	9	3	1	0	0	3	6	0	2	2	7	0	0	0	1	2	0	0	0
ENSG00000278311	64	20	21	52	41	33	58	47	50	16	25	45	15	43	39	29	52	45	26	92	60	34	35	48	95	40	33	35	27	84	33	7	34	13	46	12	17	24	26	38	19	46	22
ENSG00000270106	1	2	0	4	3	2	2	1	0	0	0	1	0	0	0	0	1	3	3	3	1	0	1	0	3	0	1	0	2	2	1	0	0	1	0	0	0	0	0	1	0	4	0
ENSG00000233010	5	0	0	3	0	0	0	2	0	0	0	0	0	0	0	0	1	6	1	4	1	0	0	0	2	1	3	0	1	6	1	1	0	0	1	0	0	0	1	2	0	1	0
ENSG00000253339	2	0	0	6	7	1	0	1	1	0	2	4	0	0	1	4	3	1	4	4	0	0	1	1	12	4	1	0	0	6	2	0	1	2	4	0	2	1	0	1	0	2	0
ENSG00000166974	79	20	15	42	50	32	46	29	26	10	28	29	16	13	37	13	24	76	23	65	73	47	37	30	104	23	27	43	47	102	33	6	30	16	42	15	30	20	22	36	39	58	24
ENSG00000140650	68	23	11	49	34	16	78	20	35	5	25	33	12	26	35	27	27	49	23	57	65	44	25	38	110	17	14	31	79	69	17	4	17	9	22	11	16	30	36	23	26	33	37
ENSG00000225942	0	0	0	1	1	0	0	0	0	0	0	1	0	0	0	0	0	0	0	0	1	0	0	0	1	0	0	0	0	0	0	0	0	0	0	0	1	0	0	0	0	0	0
ENSG00000130856	39	7	7	39	26	8	15	22	23	6	8	21	11	6	12	15	17	30	22	45	19	28	13	24	70	17	21	16	17	52	12	4	15	4	32	9	12	16	19	16	4	23	19
ENSG00000228252	13	4	0	20	20	5	3	2	7	3	5	6	0	0	2	7	9	18	4	24	5	2	4	0	25	11	4	1	0	13	7	1	6	1	12	1	5	5	11	4	0	2	0
ENSG00000199921	0	0	0	0	1	0	0	0	0	0	0	1	0	0	0	0	0	3	0	1	1	0	0	1	0	0	0	0	0	0	0	0	0	0	0	0	0	0	1	0	0	1	0
ENSG00000162704	236	74	68	134	147	144	165	158	105	30	48	207	116	241	75	110	202	125	101	307	168	154	138	229	353	122	152	85	104	342	131	22	46	52	146	38	43	122	90	117	175	171	178
ENSG00000175305	294	69	158	245	207	157	444	122	218	102	226	175	73	310	260	230	95	222	185	231	309	419	135	230	339	82	92	304	430	357	134	65	116	110	251	91	149	210	196	129	131	137	240
ENSG00000096006	37	13	6	16	116	53	6	134	34	19	8	14	15	34	25	34	76	175	45	254	23	7	51	42	24	116	31	2	3	18	1	5	3	8	19	3	0	24	6	12	2	66	10
ENSG00000273391	0	0	0	1	0	1	5	1	0	1	3	0	0	1	2	1	1	0	0	0	2	3	0	2	3	0	0	2	1	6	0	0	2	0	1	0	0	1	2	0	0	1	0
ENSG00000196810	14	2	1	21	11	5	8	5	9	10	8	3	1	3	11	1	5	8	7	14	11	10	8	4	30	5	4	8	15	28	7	1	6	4	4	0	4	2	7	1	0	9	4
ENSG00000171396	0	0	0	7	0	0	0	0	0	0	0	1	0	0	0	1	2	0	1	0	0	0	0	0	3	1	0	0	1	2	0	0	0	0	3	0	0	1	0	1	0	0	0
ENSG00000204764	29	10	0	45	28	12	8	12	13	5	5	34	2	0	8	19	18	37	33	68	30	3	5	2	47	38	16	3	1	32	14	5	3	7	32	2	7	17	17	6	2	17	5
ENSG00000224167	0	0	0	2	0	0	0	0	0	0	0	0	0	0	0	1	1	1	0	1	0	0	0	1	3	0	0	0	0	3	0	0	0	0	0	0	0	0	0	0	0	0	0
ENSG00000136982	40	11	11	14	16	14	38	14	21	13	15	20	5	28	29	13	10	25	19	15	36	36	10	16	43	6	3	18	46	42	12	1	12	7	25	6	9	8	17	3	2	17	16
ENSG00000134588	7	2	0	5	12	7	1	3	1	2	1	6	0	0	3	2	4	12	4	3	1	1	1	1	10	8	5	1	0	6	3	3	0	0	9	2	3	5	6	3	0	4	0
ENSG00000107566	47	19	13	41	29	41	38	19	20	11	17	50	7	264	17	20	32	58	96	109	33	20	34	51	51	18	33	8	11	118	13	7	11	13	103	7	10	31	104	51	10	41	7
ENSG00000145919	7	1	0	7	11	2	2	8	5	1	4	5	1	1	1	8	5	8	8	9	9	6	2	0	19	2	0	6	1	17	5	1	2	2	9	1	4	4	2	6	1	6	5
ENSG00000184792	18	2	3	12	45	5	28	5	13	5	17	11	9	3	4	9	5	9	11	57	13	36	2	7	32	12	4	3	15	21	5	3	4	5	21	0	4	7	8	5	16	12	16
ENSG00000260880	0	0	0	1	1	1	2	2	0	0	0	2	0	0	0	0	3	4	5	2	0	0	1	0	7	2	1	0	0	1	2	0	1	0	3	0	0	1	3	0	0	2	0
ENSG00000248925	9	2	2	19	5	8	19	5	5	4	15	16	0	12	9	1	0	8	4	12	7	10	2	5	13	2	4	6	12	9	0	0	8	2	11	7	2	3	10	7	2	1	18
ENSG00000151746	16	2	3	19	23	8	14	13	8	6	8	23	1	2	9	13	24	35	20	40	15	13	6	8	53	16	10	12	5	37	10	8	13	3	18	6	7	12	17	10	1	14	2
ENSG00000163125	32	12	9	38	26	14	27	13	12	8	11	25	12	10	19	13	13	27	20	53	27	24	12	8	39	18	18	17	19	40	19	2	15	10	48	9	10	13	20	13	5	28	14
ENSG00000065613	95	36	45	107	83	69	113	80	67	26	25	97	45	190	56	37	70	79	98	189	93	50	59	123	123	87	80	29	66	166	57	18	22	44	114	26	26	82	55	53	98	95	72
ENSG00000241599	1	1	1	2	6	5	18	3	5	0	4	6	0	5	1	1	0	0	2	22	0	2	0	9	1	1	2	1	1	2	0	1	2	10	8	0	0	15	105	17	0	0	3
ENSG00000258417	1	0	0	2	0	0	0	0	0	1	0	0	0	0	0	0	0	1	1	0	0	0	0	1	1	0	1	0	0	0	0	1	0	0	0	0	0	0	0	0	0	0	0
ENSG00000226782	0	0	0	1	1	0	1	1	0	0	1	1	0	0	0	4	0	1	1	0	1	0	0	0	1	4	4	0	0	4	0	0	1	0	1	1	2	0	3	0	0	4	2
ENSG00000284659	0	1	0	0	0	1	0	0	2	0	0	0	0	0	0	0	0	0	0	1	0	0	0	0	1	0	0	1	0	0	0	0	0	0	0	0	1	0	0	0	0	0	0
ENSG00000277694	0	0	0	0	0	0	0	0	0	0	0	0	0	0	0	0	0	0	0	0	0	0	0	0	0	0	0	0	0	0	0	0	0	0	0	0	0	0	0	0	0	0	0
ENSG00000244565	1	0	0	0	1	0	1	0	0	0	0	0	0	0	0	0	0	2	1	2	1	2	0	0	2	0	0	0	0	0	0	0	0	0	0	0	0	0	0	0	0	0	0
ENSG00000228295	4	0	0	2	2	0	3	0	0	0	0	2	2	1	0	0	1	0	1	3	0	0	0	2	5	2	1	0	0	3	1	0	1	0	1	1	0	2	2	0	0	1	0
ENSG00000200287	0	0	0	1	1	0	0	1	0	0	0	0	0	0	0	0	0	0	0	0	0	0	0	0	0	1	0	0	0	1	1	0	0	0	0	1	0	0	1	0	0	0	0
ENSG00000230132	0	0	0	0	0	0	0	0	0	0	0	0	0	0	0	2	0	0	0	0	0	0	0	1	0	0	0	0	0	0	0	0	0	0	0	0	0	0	1	0	0	0	0
ENSG00000250550	0	0	0	1	0	0	0	0	2	0	0	0	0	0	0	0	2	2	0	2	1	0	0	0	0	0	3	0	0	0	0	0	0	0	0	0	0	0	1	0	0	0	0
ENSG00000237436	2	1	0	2	1	1	1	0	1	0	0	0	0	0	0	0	1	1	2	0	1	0	0	0	4	0	0	0	1	1	0	0	0	0	0	0	1	0	2	0	0	0	0
ENSG00000178665	9	0	0	13	4	0	2	3	5	1	3	7	0	0	0	3	2	7	13	11	3	0	0	1	14	8	3	0	0	9	3	0	3	1	6	2	1	4	3	0	1	6	0
ENSG00000207168	0	0	0	0	0	0	0	0	0	0	0	0	0	0	0	0	0	0	0	0	0	0	0	0	0	0	0	0	0	0	0	0	0	0	0	0	0	0	1	0	0	0	0
ENSG00000168646	1	0	0	5	4	0	2	2	1	2	1	1	0	0	1	0	1	0	1	6	3	1	0	0	6	0	1	1	0	4	1	0	0	0	0	0	1	0	1	0	0	1	0
ENSG00000141371	2	0	0	0	0	1	0	1	0	0	0	0	0	0	2	1	0	0	0	1	0	0	1	0	2	0	0	0	0	1	0	1	0	1	0	0	0	0	3	0	0	3	2
ENSG00000014914	22	7	3	24	12	5	20	3	3	3	8	9	4	5	4	6	18	11	6	29	8	19	14	10	47	5	4	10	11	18	15	2	4	4	8	4	4	10	7	5	16	3	17
ENSG00000265135	1	0	0	4	0	0	0	3	0	0	0	0	0	0	0	0	1	0	0	5	0	3	0	1	1	0	1	0	1	3	0	0	0	0	0	0	0	2	0	0	0	1	0
ENSG00000260035	0	1	0	0	2	0	0	0	0	1	1	0	0	0	0	0	0	0	0	0	0	0	0	0	0	0	0	0	0	0	0	0	0	0	0	0	0	0	0	0	0	0	0
ENSG00000225648	14	4	1	5	7	6	5	2	4	4	6	4	0	2	5	6	5	9	3	9	7	3	10	5	10	2	2	5	2	5	3	1	1	0	5	2	0	3	3	2	0	4	6
ENSG00000231416	0	0	1	0	5	0	0	1	3	0	0	0	0	0	1	0	2	3	2	2	1	2	0	1	5	0	1	0	1	3	1	0	1	1	2	0	0	0	1	1	0	1	0
ENSG00000229835	0	0	0	0	0	0	0	0	0	0	0	1	0	0	0	2	0	0	0	0	0	0	0	0	0	0	0	0	0	0	0	0	0	0	0	0	1	0	0	0	0	0	0
ENSG00000113391	29	7	7	32	28	10	29	28	14	2	11	27	12	35	14	34	13	33	45	51	25	17	14	24	51	24	8	20	20	34	14	5	14	7	20	3	22	10	13	9	10	24	28
ENSG00000288017	3	2	0	2	5	0	0	0	0	0	0	0	0	0	1	1	2	1	3	2	0	0	1	0	3	2	0	1	0	0	1	1	0	0	0	0	0	0	1	0	0	1	0
ENSG00000204913	0	1	0	0	3	0	0	0	0	0	0	0	0	0	0	0	2	1	3	1	0	0	1	0	4	0	0	0	0	0	0	0	0	0	0	0	0	0	0	0	0	0	0
ENSG00000229018	87	11	40	62	29	20	128	15	30	17	47	48	3	41	54	23	19	53	18	73	85	118	48	25	88	8	15	56	85	77	20	6	66	14	67	20	27	23	46	48	21	29	75
ENSG00000207781	2	2	0	3	2	1	2	0	1	0	1	3	0	0	1	0	1	0	0	0	0	1	0	1	1	1	1	0	2	1	0	0	0	0	1	0	1	0	0	0	0	0	0
ENSG00000283249	0	0	0	0	1	0	0	0	0	0	0	0	0	0	0	0	1	1	1	1	0	0	0	0	0	1	0	0	0	0	0	0	0	0	0	0	0	0	0	0	0	0	0
ENSG00000233579	2	0	0	0	0	0	0	0	0	0	1	0	0	0	0	0	0	0	2	1	0	0	0	2	2	0	0	0	0	0	0	0	0	0	0	0	0	0	0	0	0	0	0
ENSG00000227597	1	1	0	5	1	2	0	0	1	1	0	0	0	0	0	1	1	3	0	3	0	0	0	0	11	2	0	1	0	6	0	0	1	0	7	1	0	0	0	1	0	1	0
ENSG00000241539	0	1	0	0	0	0	0	0	0	0	0	0	0	0	0	0	0	0	0	0	0	0	0	0	0	1	0	0	0	0	0	0	0	0	0	0	0	0	0	0	0	0	0
ENSG00000253099	0	0	0	6	0	1	0	1	0	0	0	0	0	0	0	1	0	1	1	2	0	2	0	0	1	1	0	0	0	2	0	0	0	1	2	0	0	0	1	0	0	0	0
ENSG00000254342	0	0	0	0	1	0	0	0	0	0	0	0	0	0	1	0	0	1	0	0	0	0	0	0	0	0	0	0	0	0	0	0	0	0	0	0	0	0	0	0	0	1	0
ENSG00000230661	4	0	0	2	1	0	0	0	1	0	0	1	0	0	1	0	1	4	1	1	1	0	0	0	0	0	0	0	0	1	0	0	0	0	1	0	0	0	1	0	0	1	0
ENSG00000262495	0	0	0	0	0	0	0	0	0	0	0	0	0	0	0	1	0	0	0	0	0	0	0	0	0	1	0	0	0	1	0	0	0	0	0	0	0	0	3	0	0	2	0
ENSG00000066135	11	4	3	15	11	5	11	8	6	2	3	3	2	3	4	6	7	14	8	19	6	12	7	5	28	4	3	6	8	14	4	1	3	2	8	1	7	1	7	7	4	8	10
ENSG00000285581	5	3	0	0	1	0	1	1	0	0	1	1	0	0	2	5	0	1	1	0	0	2	0	1	2	0	0	0	0	0	1	0	1	0	1	0	0	2	0	1	0	1	0
ENSG00000251045	3	3	0	3	2	0	0	0	0	0	2	1	1	0	0	4	3	3	2	2	3	3	0	0	11	1	2	0	0	0	0	2	3	0	1	0	2	1	0	1	0	1	0
ENSG00000241213	2	0	0	6	1	2	1	0	1	1	1	3	0	0	0	1	6	5	3	3	3	0	3	1	2	4	0	2	0	6	1	0	0	0	4	0	1	0	3	0	0	1	0
ENSG00000152078	7	6	0	12	12	1	5	12	10	1	1	12	2	4	3	10	5	19	9	78	15	1	1	7	34	16	4	4	1	15	5	1	10	0	8	6	6	4	8	6	2	10	5
ENSG00000288614	0	0	0	0	0	0	0	0	0	0	0	0	0	0	0	0	0	0	0	0	0	0	0	0	0	0	0	0	0	0	0	0	0	0	0	0	0	0	0	0	0	0	0
ENSG00000283631	0	0	0	3	1	1	0	0	0	1	0	0	0	0	1	0	0	1	0	0	0	0	0	1	0	0	1	0	0	2	1	1	0	1	0	1	0	1	0	1	0	1	0
ENSG00000151718	14	5	6	49	26	12	12	11	8	1	5	16	1	0	12	10	10	20	17	24	13	8	12	8	50	18	6	4	1	38	10	1	5	4	11	3	7	4	15	1	3	15	3
ENSG00000229372	4	1	9	9	5	1	15	2	5	1	4	3	0	20	3	4	1	8	7	11	3	17	4	2	8	0	4	10	14	4	3	0	5	5	12	3	5	6	15	4	2	2	2
ENSG00000186594	13	6	5	13	14	4	23	3	3	2	8	6	3	6	6	4	4	16	6	14	11	11	8	7	12	7	4	6	3	13	1	0	2	1	6	1	0	4	2	1	2	8	12
ENSG00000163331	2	0	0	0	0	0	0	1	1	2	0	1	0	0	2	1	1	3	0	1	0	0	0	0	5	0	0	0	0	3	1	1	0	1	0	1	0	0	0	0	0	1	0
ENSG00000288520	0	0	0	0	0	0	0	0	0	0	0	0	0	0	0	0	0	0	0	0	0	0	0	0	0	0	0	0	0	0	0	0	0	0	0	0	0	0	0	0	0	0	0
ENSG00000251517	1	0	0	2	1	0	1	1	0	1	1	1	0	0	0	4	3	5	2	6	1	0	0	1	0	0	1	0	0	2	1	0	0	0	2	0	1	0	2	0	0	6	0
ENSG00000204188	133	13	34	47	16	24	71	13	34	15	23	16	12	89	69	22	34	65	35	46	89	60	20	45	92	12	25	65	114	140	31	9	13	10	47	14	12	22	62	21	26	43	40
ENSG00000277529	0	1	0	0	0	3	0	0	2	0	2	0	0	0	0	0	0	0	1	0	1	0	0	0	0	0	0	0	0	3	1	0	0	0	1	0	0	1	0	1	0	0	0
ENSG00000243187	0	1	0	1	3	1	0	0	0	0	0	1	0	0	0	0	0	0	1	5	0	0	0	0	2	0	0	1	0	1	0	0	0	0	4	0	1	0	1	0	0	2	0
ENSG00000069849	38	8	7	21	18	13	49	11	25	3	24	14	8	5	16	11	16	27	17	30	31	28	12	19	58	16	16	12	12	37	23	2	10	7	24	6	5	13	10	16	22	33	22
ENSG00000241743	274	84	9	366	422	170	80	212	91	105	38	211	32	8	101	153	139	374	294	431	118	59	40	74	421	482	194	35	10	512	88	29	67	161	235	54	63	109	194	121	9	326	11
ENSG00000228663	82	32	37	96	96	61	208	94	112	38	159	98	17	117	112	59	22	91	46	179	136	193	45	120	153	36	28	127	202	148	41	31	89	58	178	42	53	85	159	92	29	39	146
ENSG00000174403	3	0	0	0	0	0	0	0	0	0	0	1	0	0	0	2	1	0	2	1	1	4	0	0	3	1	0	0	0	2	0	0	0	0	0	0	0	0	0	0	0	0	0
ENSG00000253240	1	0	0	1	1	0	0	0	0	0	0	0	0	0	0	1	0	0	2	0	0	0	0	0	1	0	3	0	0	0	0	0	0	0	0	1	0	0	0	0	0	1	0
ENSG00000207867	0	0	0	1	0	0	0	0	0	0	0	0	0	0	0	0	0	0	0	0	0	0	0	0	0	0	1	0	0	0	0	0	0	0	0	0	0	0	0	0	0	0	0
ENSG00000188755	2	0	0	0	0	0	0	0	0	0	0	0	0	0	0	1	1	0	0	0	0	0	0	0	6	0	1	0	1	0	0	0	0	0	0	0	0	0	1	0	0	1	0
ENSG00000141569	4	1	0	5	0	0	6	0	3	1	2	1	3	0	2	4	1	2	1	7	3	5	1	1	4	3	2	1	0	5	1	0	2	0	1	0	1	1	2	2	0	3	3
ENSG00000135476	8	5	2	8	2	2	3	8	3	4	1	3	3	0	3	6	4	2	7	7	2	3	3	0	19	2	2	1	0	5	2	0	1	3	4	0	5	1	2	2	0	4	0
ENSG00000198380	38	14	12	49	20	26	60	28	24	6	10	38	11	13	25	30	27	51	28	48	38	20	20	15	70	26	19	14	12	41	19	2	15	7	39	6	2	24	18	19	5	30	21
ENSG00000206800	0	1	0	1	3	0	0	0	0	0	0	3	0	0	0	0	0	1	1	0	0	0	0	0	1	1	0	0	0	0	0	0	0	0	1	0	0	0	1	1	0	0	0
ENSG00000152904	4	2	1	5	6	3	5	4	1	2	3	2	4	6	3	6	6	4	5	8	8	2	0	4	22	3	6	1	3	10	2	2	5	3	7	5	2	8	6	3	1	7	4
ENSG00000011143	13	6	3	18	16	4	10	7	7	3	1	9	4	2	3	11	10	14	6	19	8	2	2	5	38	14	10	5	2	24	9	2	4	5	12	2	7	5	8	1	2	12	0
ENSG00000115762	75	14	17	33	39	27	57	44	24	8	23	31	18	50	17	16	59	33	25	66	42	52	29	41	113	23	19	23	16	85	33	7	10	14	35	10	11	13	17	31	44	38	32
ENSG00000164035	14	4	0	19	20	1	1	3	4	2	0	14	0	0	5	11	4	17	12	27	10	1	2	1	18	8	4	0	0	12	6	1	4	6	11	4	3	4	9	1	2	4	0
ENSG00000241246	0	1	0	0	2	0	6	0	0	0	1	2	2	2	0	1	1	1	1	3	0	3	1	1	0	2	1	0	0	1	0	0	3	2	0	0	0	2	3	0	0	0	1
ENSG00000199516	0	0	0	0	1	0	0	0	0	0	0	0	0	0	0	1	0	0	0	0	0	0	0	1	1	0	0	0	0	0	0	0	0	0	0	1	0	0	0	0	0	1	0
ENSG00000255291	0	0	0	0	0	1	0	1	0	0	0	0	0	0	0	1	0	2	1	0	1	0	0	0	4	0	0	0	0	0	0	0	0	0	0	0	0	1	0	0	0	1	0
ENSG00000258562	0	0	0	4	3	1	0	1	0	0	0	0	2	3	2	1	0	1	2	1	2	0	0	0	0	0	0	0	1	2	0	0	0	3	3	0	1	2	8	2	0	0	0
ENSG00000248205	0	0	0	0	0	0	0	0	0	0	0	1	0	1	0	1	0	0	0	0	0	0	0	0	0	0	0	0	0	1	0	0	0	0	1	0	0	0	0	1	0	1	1
ENSG00000129595	199	52	23	123	118	41	181	68	103	52	89	87	23	83	169	62	44	159	80	157	173	207	91	102	250	38	36	147	294	182	113	25	86	35	142	40	94	74	57	51	60	95	146
ENSG00000286899	6	0	3	11	5	1	21	6	7	0	11	11	0	3	2	5	2	13	10	16	5	18	4	6	10	3	4	2	12	13	5	2	4	8	12	2	2	5	17	19	0	4	5
ENSG00000225127	4	6	0	6	1	2	0	2	6	1	3	2	0	0	3	13	2	6	6	9	2	1	3	2	8	5	3	0	3	6	1	0	1	1	4	0	2	6	2	1	0	1	1
ENSG00000168918	45	7	11	68	23	16	65	32	20	8	25	30	13	93	19	33	21	32	28	74	21	35	14	29	81	23	19	41	37	50	24	10	24	26	36	6	11	35	43	47	13	31	29
ENSG00000286830	6	1	0	3	0	2	0	1	0	2	1	3	0	0	0	1	3	2	2	4	1	1	0	1	8	1	0	0	1	3	2	0	1	1	3	0	2	3	2	1	0	2	0
ENSG00000254409	5	0	0	5	2	5	2	1	2	0	0	3	2	0	2	3	2	1	2	3	0	0	0	1	3	2	3	0	0	1	2	0	0	0	2	0	1	0	2	2	0	2	0
ENSG00000125355	36	5	12	27	23	13	33	13	6	4	14	9	5	45	18	10	12	27	32	18	23	44	15	27	48	13	7	25	27	37	12	2	5	18	30	9	14	12	33	15	7	9	28
ENSG00000253141	1	0	0	2	2	0	0	3	1	1	0	2	0	0	0	1	1	6	2	7	4	0	0	0	10	1	0	0	0	7	0	0	1	2	3	1	1	1	3	0	0	4	0
ENSG00000247199	45	14	5	64	33	9	26	19	19	3	6	34	5	15	13	21	24	52	42	52	19	15	7	13	79	36	11	10	6	33	15	6	7	15	50	8	8	13	37	19	6	32	10
ENSG00000202189	0	0	0	0	2	0	0	0	1	1	0	0	0	0	0	0	0	1	1	0	0	0	1	0	1	0	0	0	0	0	0	0	0	0	1	0	0	0	1	0	0	1	0
ENSG00000248636	12	2	4	20	18	2	19	10	10	3	12	11	3	26	16	5	14	20	9	46	19	19	5	20	24	9	7	5	23	21	9	2	2	4	13	5	6	7	8	8	9	9	15
ENSG00000136098	11	6	1	22	8	7	10	9	3	8	2	4	3	0	4	4	4	24	8	28	7	6	4	2	32	9	11	4	2	15	2	1	8	1	7	2	2	4	4	5	4	10	1
ENSG00000257043	2	1	0	0	0	0	0	2	0	0	0	0	0	0	2	0	0	2	0	1	0	0	0	0	0	2	0	1	0	0	0	0	0	0	0	0	0	0	0	0	0	0	0
ENSG00000238062	116	5	7	12	4	13	18	6	46	7	16	16	4	2	57	17	8	60	5	11	73	12	4	10	35	2	9	163	49	22	14	2	16	2	5	2	7	2	18	11	3	9	7
ENSG00000180305	0	1	0	3	0	2	0	0	0	0	0	1	0	0	0	2	0	3	1	2	0	0	1	0	3	3	1	0	0	1	0	0	0	1	1	0	0	0	0	0	0	0	0
ENSG00000260229	3	7	10	26	20	3	37	12	12	2	38	22	3	41	10	6	4	5	2	21	6	13	3	19	13	2	8	19	17	18	3	8	6	36	30	7	2	39	70	53	7	6	12
ENSG00000240403	3	0	0	4	2	1	2	0	2	0	3	0	0	0	3	1	2	12	7	1	8	3	1	0	8	2	2	2	0	3	1	0	3	3	2	0	0	1	2	0	0	5	0
ENSG00000258693	0	0	0	0	0	0	0	2	1	0	0	2	0	0	1	0	0	0	0	2	0	0	0	0	3	1	0	0	0	3	1	0	1	0	0	0	0	0	1	0	0	2	1
