	T5	T10	T15	T20	T25	T30	T35	T40
PF3D7_1314600	0	0	0	0	15	9	23	16
PF3D7_0621350	4	33	31	28	13	14	7	7
PF3D7_0209400	10	13	6	23	56	90	129	121
PF3D7_1142200	4	5	4	5	2	6	4	12
PF3D7_0507200	29	182	246	462	279	223	195	158
PF3D7_0806000	0	1	0	4	1	1	2	3
PF3D7_1006800	2	3	6	4	5	3	13	8
PF3D7_0412000	0	3	5	2	6	6	22	12
PF3D7_0732200	0	0	0	0	0	0	0	0
PF3D7_0324800	16	42	18	41	8	5	12	11
PF3D7_1227500	4	6	15	29	29	28	53	42
PF3D7_0301800	23	30	12	0	2	1	17	19
PF3D7_0920900	58	200	377	830	719	1027	1176	869
PF3D7_1443600	0	0	0	0	1	16	7	8
PF3D7_0415900	5	12	4	4	7	1	14	13
PF3D7_0214100	22	75	89	122	233	174	298	170
PF3D7_0726100	16	47	130	341	455	248	270	118
PF3D7_0717700	11	2	1	2	0	2	13	28
PF3D7_1342200	7	5	1	1	0	2	10	22
PF3D7_1400700	0	0	0	0	0	0	0	0
PF3D7_1322800	0	0	0	2	6	0	0	3
PF3D7_1477400	0	0	2	0	0	2	0	1
PF3D7_1106700	3	4	2	13	55	42	85	38
PF3D7_0621100	8	4	13	27	62	47	73	66
PF3D7_1040800	0	0	0	0	0	0	0	0
PF3D7_0909100	4	1	2	2	1	0	3	12
PF3D7_1342400	4	4	7	8	13	17	39	74
PF3D7_1028500	15	32	38	31	25	15	19	9
PF3D7_1419100	0	1	0	2	32	39	64	33
PF3D7_1448500	10	1	9	5	5	4	1	24
PF3D7_1125000	47	166	282	264	547	379	344	296
PF3D7_1468000	1	1	3	8	3	8	2	5
PF3D7_0500900	18	2	4	4	18	69	175	170
PF3D7_1207600	51	16	5	11	38	58	196	480
PF3D7_0311400	5	4	4	4	3	3	0	7
PF3D7_0722200	18	54	81	53	31	20	42	29
PF3D7_API02500	0	0	0	0	0	0	0	0
PF3D7_0515900	1	2	0	0	1	3	6	2
PF3D7_0319500	2	2	11	13	16	7	17	15
PF3D7_1450000	12	23	14	13	8	17	11	24
PF3D7_0300600	0	0	0	0	0	0	0	0
PF3D7_1443900	1	0	3	0	2	1	2	9
PF3D7_1222800	2295	314	92	28	10	13	21	161
PF3D7_1470100	200	634	656	763	596	532	360	221
PF3D7_0519700	2	6	17	3	3	3	0	1
PF3D7_1469700	221	32	20	51	290	374	625	876
PF3D7_1455700	3	1	0	1	3	1	2	6
PF3D7_1132100	26	4	1	9	9	19	21	29
PF3D7_0532200	0	9	7	18	27	52	86	29
PF3D7_0508700	34	3	6	8	20	6	18	27
PF3D7_1227400	22	3	2	0	2	5	21	105
PF3D7_1126200	8	12	29	38	26	14	34	57
PF3D7_1242500	0	0	2	2	2	0	5	7
PF3D7_0806700	442	256	263	289	223	180	251	371
PF3D7_0911100	7	1	1	0	0	4	4	19
PF3D7_0303500	0	2	1	0	3	11	3	3
PF3D7_0422800	86	54	20	8	26	14	25	19
PF3D7_0926300	34	28	69	56	30	73	430	932
PF3D7_1436400	0	0	0	0	0	0	1	3
PF3D7_1215600	0	1	0	0	0	0	2	1
PF3D7_0808700	2	2	0	0	5	1	4	23
PF3D7_1444700	79	52	40	58	41	28	27	25
PF3D7_1209600	2	0	0	6	4	4	3	7
PF3D7_0523800	66	73	60	81	47	46	105	192
PF3D7_1459700	33	54	57	46	46	24	48	108
PF3D7_1409000	25	43	44	110	91	53	63	30
PF3D7_1028900	44	13	4	3	2	3	11	59
PF3D7_1447100	26	103	117	139	165	140	110	124
PF3D7_1366000	177	29	6	8	1	0	2	12
PF3D7_1026000	5	0	2	0	0	0	1	14
PF3D7_0919800	6	11	42	76	216	227	190	104
PF3D7_0205000	5	0	2	1	21	22	57	64
PF3D7_1354200	2	1	3	1	1	3	1	3
PF3D7_1353200	2	5	14	7	2	5	13	1
PF3D7_0700300	0	0	0	0	0	0	0	0
PF3D7_0610800	243	270	483	290	286	206	287	359
PF3D7_0914300	178	102	89	142	80	33	41	81
PF3D7_1005200	33	46	35	47	63	25	46	22
PF3D7_0605000	16	14	17	39	15	9	16	23
PF3D7_0410900	81	14	11	16	46	33	59	217
PF3D7_1113700	1	0	0	0	1	2	11	8
PF3D7_1108800	1	6	3	7	6	3	1	3
PF3D7_1129400	10	3	3	3	1	0	1	16
PF3D7_1215000	2	0	0	0	1	1	2	7
PF3D7_0607000	7	12	16	17	12	12	15	21
PF3D7_0519600	3	10	8	3	0	2	4	11
PF3D7_1460600	44	94	179	242	321	236	269	253
PF3D7_1321700	93	185	192	170	71	47	66	93
PF3D7_0820000	2	3	5	8	5	7	17	12
PF3D7_0623900	308	159	130	164	140	98	158	290
PF3D7_0311900	15	6	3	2	11	42	110	341
PF3D7_1372900	0	0	0	0	0	0	0	0
PF3D7_0905600	11	15	32	47	66	46	97	146
PF3D7_1437700	2	1	1	1	11	30	44	10
PF3D7_1307100	5	8	24	19	20	33	58	48
PF3D7_1110300	56	89	93	73	86	78	128	119
PF3D7_0532400	0	1	4	4	13	7	11	5
PF3D7_0527500	38	10	12	10	34	27	123	157
PF3D7_0620600	101	16	26	17	8	13	134	284
PF3D7_1413400	2	0	0	1	0	0	0	2
PF3D7_1214700	1	0	0	1	8	3	18	36
PF3D7_1327000	6	5	2	1	1	3	4	1
PF3D7_0716300	7	3	5	3	6	5	10	13
PF3D7_1426600	0	2	2	3	0	0	2	2
PF3D7_0210400	1	0	1	2	0	2	2	0
PF3D7_0920800	249	58	10	10	4	1	3	49
PF3D7_1250000	2	2	2	1	3	2	5	4
PF3D7_1009200	60	21	4	5	2	7	31	60
PF3D7_0921900	3	1	1	0	0	1	4	4
PF3D7_1463300	9	12	12	14	20	8	10	8
PF3D7_0318400	16	9	4	13	6	10	24	52
PF3D7_1321100	3	2	0	2	1	3	5	11
PF3D7_1361300	518	45	7	10	3	17	42	196
PF3D7_1252900	604	189	129	62	280	190	251	170
PF3D7_1244800	93	194	237	189	132	106	137	229
PF3D7_1020100	1	0	2	5	5	0	1	0
PF3D7_0622600	0	0	3	0	1	2	0	3
PF3D7_0525000	18	19	5	9	4	0	7	14
PF3D7_0732500	0	0	0	5	0	0	0	0
PF3D7_1335300	444	77	24	10	12	1	70	311
PF3D7_0207000	32	15	11	10	2	2	12	3
PF3D7_0412300	0	0	1	0	2	1	2	3
PF3D7_1433400	16	11	13	19	17	13	22	50
PF3D7_1473600	9	8	48	67	71	45	52	56
PF3D7_1006900	7	2	12	5	6	11	12	25
PF3D7_1014800	0	0	0	3	17	8	10	3
PF3D7_1471900	8	4	2	1	3	7	24	10
PF3D7_1026600	21	6	3	1	0	1	2	1
PF3D7_0107600	1	1	2	0	0	2	2	7
PF3D7_0922100	6	9	9	6	2	11	23	61
PF3D7_1471000	10	9	7	4	6	5	7	4
PF3D7_1429200	2	0	2	9	26	30	40	97
PF3D7_0800100	24	8	8	23	24	30	41	62
PF3D7_1416400	6	1	2	15	12	23	36	66
PF3D7_0516200	29	13	9	18	1	10	6	37
PF3D7_1029600	16	3	7	3	4	3	6	10
PF3D7_0517100	1	8	11	15	19	13	9	8
PF3D7_1125200	7	4	9	11	9	10	30	59
PF3D7_1114800	65	55	64	60	54	53	100	297
PF3D7_0520800	2	2	4	1	1	1	2	6
PF3D7_0805600	8	4	0	3	0	0	4	7
PF3D7_1320900	1	1	1	1	0	1	0	2
PF3D7_1242600	4	10	27	17	20	11	32	21
PF3D7_0313500	6	1	2	4	13	29	121	148
PF3D7_1310700	11	6	5	4	5	7	5	47
PF3D7_1209900	14	5	2	11	11	4	6	20
PF3D7_1302400	46	23	11	15	13	32	31	33
PF3D7_1300100	26	10	3	7	6	7	31	108
PF3D7_1448000	4	5	18	25	51	64	132	107
PF3D7_0614200	25	3	3	2	2	1	3	100
PF3D7_1221900	67	12	22	22	37	123	324	875
PF3D7_0322900	6	3	2	2	4	0	1	2
PF3D7_0934100	37	6	2	61	8	20	57	186
PF3D7_0918100	65	34	24	26	217	685	1586	2414
PF3D7_1018100	29	7	1	0	1	1	1	55
PF3D7_1019400	11	4	4	2	5	4	8	38
PF3D7_1211200	1	3	1	1	3	2	8	3
PF3D7_0518300	145	32	5	4	0	2	25	362
PF3D7_1023200	102	77	40	26	28	93	192	148
PF3D7_1222300	10	10	7	9	3	2	8	7
PF3D7_0518400	20	8	7	14	17	27	69	237
PF3D7_1009400	85	21	7	16	39	57	73	71
PF3D7_0630000	0	3	1	0	2	1	0	0
PF3D7_1320100	1081	1034	1507	1179	483	296	625	968
PF3D7_1100700	0	0	0	0	0	0	0	0
PF3D7_1302200	1	4	0	7	5	9	23	26
PF3D7_1221300	0	0	4	1	2	0	4	1
PF3D7_0616800	0	1	2	6	10	3	13	10
PF3D7_1429700	23	22	26	11	35	94	381	396
PF3D7_1441700	8	7	5	8	14	25	60	83
PF3D7_0415300	543	373	413	476	624	574	1222	1697
PF3D7_0806800	18	61	94	95	62	48	69	94
PF3D7_1119300	0	5	17	15	11	2	14	2
PF3D7_0222900	0	1	0	0	0	0	0	1
PF3D7_0105800	8	1	4	2	12	18	45	102
PF3D7_0526600	4	2	5	5	3	4	9	20
PF3D7_1423800	52	339	516	655	425	197	173	121
PF3D7_0822100	3	0	2	4	13	32	86	150
PF3D7_0924100	66	14	4	13	5	1	8	21
PF3D7_0918400	37	13	4	2	10	84	405	606
PF3D7_1441000	220	27	11	6	7	1	4	163
PF3D7_1015100	21	4	5	4	17	19	38	55
PF3D7_0322400	17	1	5	13	21	32	32	77
PF3D7_0507500	607	141	35	26	80	83	132	139
PF3D7_0521100	0	1	5	2	1	5	2	4
PF3D7_1254400	0	0	0	0	0	0	0	0
PF3D7_1107400	416	425	199	556	576	176	105	50
PF3D7_0810800	23	2	1	0	1	2	5	16
PF3D7_0830900	18	5	29	110	85	32	25	30
PF3D7_1438000	59	171	139	133	129	86	173	206
PF3D7_0937200	0	0	0	0	0	1	0	0
PF3D7_0832100	2	2	1	0	1	0	0	0
PF3D7_1471800	28	114	181	162	87	72	125	125
PF3D7_1454200	0	1	0	1	1	3	12	20
PF3D7_1348600	2	0	0	0	0	0	2	3
PF3D7_1203700	22	38	41	29	54	80	185	197
PF3D7_1247300	117	37	90	275	659	674	893	420
PF3D7_1113100	65	5	14	1	3	8	15	211
PF3D7_0928800	15	6	3	19	19	12	24	29
PF3D7_0601300	0	0	0	0	0	0	0	0
PF3D7_1033200	1	3	8	13	8	5	5	11
PF3D7_0702500	1	8	4	5	0	0	3	6
PF3D7_1362200	9	1	5	0	0	0	1	4
PF3D7_1113300	39	32	36	25	31	28	41	66
PF3D7_1138500	2	2	4	2	2	2	1	2
PF3D7_1421900	4	2	1	7	2	8	1	3
PF3D7_1421200	8	9	2	2	3	0	0	2
PF3D7_1443800	10	3	6	1	2	4	5	73
PF3D7_0100200	6	18	22	37	12	8	1	4
PF3D7_0406000	14	26	72	62	73	52	92	109
PF3D7_1408300	1	1	4	1	9	2	0	3
PF3D7_0816300	5	0	1	2	2	0	2	16
PF3D7_1352200	53	108	92	119	50	107	447	545
PF3D7_1122100	4	0	0	0	3	3	7	0
PF3D7_1320200	1	0	9	10	17	17	28	46
PF3D7_0508200	205	17	8	5	1	4	40	805
PF3D7_1121600	104	21	7	4	5	1	14	194
PF3D7_1231400	21	2	1	4	1	2	1	7
PF3D7_1216500	5	10	11	7	13	2	8	53
PF3D7_0532100	1	2	3	6	12	5	12	9
PF3D7_1412500	34	152	130	166	100	43	26	17
PF3D7_1322000	6	12	8	7	0	6	18	15
PF3D7_1002900	20	4	1	0	2	0	5	50
PF3D7_1001200	23	10	8	1	0	1	1	0
PF3D7_1308100	17	26	52	48	70	44	34	39
PF3D7_0806300	13	4	2	2	2	4	4	83
PF3D7_1249300	100	19	3	8	64	153	446	719
PF3D7_1027000	22	21	15	37	21	98	412	165
PF3D7_0816000	2	0	1	6	0	4	4	16
PF3D7_0318700	1	1	1	3	2	1	1	3
PF3D7_0910600	1	0	0	0	0	0	0	3
PF3D7_0104500	18	12	0	5	11	5	28	31
PF3D7_1249600	7	2	1	1	3	6	25	33
PF3D7_0727800	24	30	26	38	22	12	15	11
PF3D7_0504700	10	4	0	2	1	8	78	155
PF3D7_0402200	16	25	12	11	2	1	0	0
PF3D7_0305200	177	141	215	142	75	53	86	96
PF3D7_0607100	3	1	0	1	2	1	8	9
PF3D7_1338100	11	20	24	21	15	6	13	35
PF3D7_0502800	36	16	27	44	139	149	265	248
PF3D7_0705900	0	0	0	0	4	1	5	1
PF3D7_1407200	10	17	14	28	33	24	21	8
PF3D7_0524900	1	1	2	2	10	3	1	4
PF3D7_1216400	7	12	4	3	4	0	2	4
PF3D7_1132400	56	25	6	15	22	48	303	498
PF3D7_0308700	2	1	0	5	3	3	6	8
PF3D7_1241200	4	3	2	2	1	1	5	6
PF3D7_0611100	1	3	0	0	1	0	1	6
PF3D7_1332000	7	11	12	6	12	8	5	28
PF3D7_1124400	5	6	11	13	23	10	11	31
PF3D7_0531200	3	1	0	0	6	0	2	3
PF3D7_0928000	34	8	4	3	7	1	0	41
PF3D7_0804300	3	1	3	2	1	5	2	12
PF3D7_0617300	1	0	0	1	1	0	0	3
PF3D7_0526800	1	3	1	9	12	4	22	21
PF3D7_1445600	10	15	28	16	24	21	18	15
PF3D7_0424700	92	193	226	416	181	61	50	26
PF3D7_1131000	2	1	2	8	112	178	236	167
PF3D7_0632700	44	112	68	207	68	26	15	32
PF3D7_1461800	3	2	0	0	0	4	1	0
PF3D7_1208800	10	6	4	4	5	15	15	14
PF3D7_1442200	1	1	0	0	3	0	3	9
PF3D7_1349400	181	150	185	167	195	184	503	1319
PF3D7_1039900	0	0	0	0	0	0	0	0
PF3D7_1018600	77	265	521	389	179	89	85	58
PF3D7_0111700	1	0	0	1	4	1	5	3
PF3D7_0727900	27	51	28	20	18	20	21	28
PF3D7_1002700	8	11	14	14	7	9	36	88
PF3D7_1124600	9	26	36	31	17	21	41	41
PF3D7_0701900	6	3	3	1	0	2	1	1
PF3D7_1424700	0	1	1	0	1	0	1	0
PF3D7_0903700	17	0	6	62	65	32	23	38
PF3D7_0417600	1	0	0	0	2	4	24	25
PF3D7_1418100	18	13	10	44	26	57	140	93
PF3D7_0628100	8	3	1	1	6	17	9	10
PF3D7_1309300	39	9	24	34	21	25	23	106
PF3D7_0900700	2	0	0	1	1	0	1	2
PF3D7_0710400	6	1	1	4	5	8	16	15
PF3D7_1474400	17	14	15	11	12	20	22	73
PF3D7_1451200	129	197	215	66	21	22	18	18
PF3D7_1455200	127	15	2	2	2	1	4	4
PF3D7_1139500	2	2	0	2	0	5	6	10
PF3D7_0703300	1	6	7	12	7	7	17	18
PF3D7_1411500	0	0	0	1	1	1	2	6
PF3D7_1232500	30	46	41	26	27	23	63	36
PF3D7_0214600	485	68	19	11	6	6	9	28
PF3D7_1217400	1	18	12	8	17	29	52	42
PF3D7_1213500	10	3	4	2	18	26	55	70
PF3D7_1229900	47	16	4	1	0	2	2	12
PF3D7_0913400	2	25	32	45	22	23	19	34
PF3D7_0527800	0	0	2	2	0	0	0	0
PF3D7_0107900	7	5	4	20	52	58	97	120
PF3D7_1439200	14	8	14	14	17	18	28	53
PF3D7_0934300	49	10	3	2	3	1	5	53
PF3D7_1470950	0	4	1	1	0	0	2	1
PF3D7_0203200	77	10	5	2	0	0	1	10
PF3D7_1109700	0	0	0	0	1	0	0	0
PF3D7_0616100	2	2	0	0	1	1	5	14
PF3D7_0805000	12	3	10	13	4	3	3	10
PF3D7_1465200	53	8	12	5	3	42	147	580
PF3D7_1027100	0	1	3	2	0	0	1	3
PF3D7_0514900	20	72	99	85	56	24	29	56
PF3D7_1408700	80	249	496	765	934	643	946	754
PF3D7_1142500	5	3	6	9	2	6	11	21
PF3D7_1121800	0	1	1	0	0	1	1	5
PF3D7_1245000	37	68	43	52	81	161	292	224
PF3D7_1203600	898	1063	1561	854	1124	872	1585	1598
PF3D7_1135900	3	5	5	2	5	3	5	2
PF3D7_0609500	0	0	2	0	0	0	1	3
PF3D7_0415700	0	3	1	2	0	1	3	1
PF3D7_0105000	0	0	0	0	0	0	0	0
PF3D7_1316800	11	4	3	1	0	0	1	5
PF3D7_0928400	125	402	485	818	550	386	483	313
PF3D7_0717500	13	5	6	7	11	5	29	77
PF3D7_1369300	44	160	248	280	217	171	341	615
PF3D7_1031900	5	5	2	3	1	1	3	6
PF3D7_0529200	14	16	2	16	55	93	163	117
PF3D7_1405100	3	5	5	2	1	3	8	9
PF3D7_1134700	8	4	7	15	6	4	22	38
PF3D7_1442100	1	0	2	1	2	0	1	5
PF3D7_1350000	2	1	1	0	1	0	2	8
PF3D7_1142700	3	0	7	2	8	7	5	9
PF3D7_1111600	5	25	26	17	34	28	63	55
PF3D7_1012800	1774	1164	1459	1292	1549	1148	1815	2425
PF3D7_0409500	1	10	15	21	17	14	11	3
PF3D7_0218500	7	5	6	15	39	19	24	29
PF3D7_0720900	0	1	1	1	0	1	3	3
PF3D7_1308200	130	243	251	407	424	270	222	215
PF3D7_1302000	74	131	81	161	87	36	59	28
PF3D7_0222200	0	0	0	0	0	0	0	0
PF3D7_1241800	41	56	55	51	46	160	432	420
PF3D7_1032600	36	33	49	74	80	58	120	246
PF3D7_1025600	2	0	0	0	1	0	1	0
PF3D7_1219700	13	13	7	12	15	26	14	30
PF3D7_0531500	0	0	0	0	0	0	0	0
PF3D7_1039000	3	3	5	14	6	1	2	0
PF3D7_1364400	109	19	7	15	12	11	30	41
PF3D7_0323700	4	4	16	15	18	16	30	27
PF3D7_1337600	0	0	1	0	1	0	0	0
PF3D7_0208600	4	7	6	14	15	12	33	30
PF3D7_1027600	11	14	19	33	10	6	13	12
PF3D7_0928150	23	79	201	302	387	268	430	307
PF3D7_0713100	0	3	2	6	3	2	0	0
PF3D7_0908000	4	1	0	0	1	0	9	6
PF3D7_1203900	5	1	0	5	2	4	4	2
PF3D7_0618800	9	14	27	39	35	51	78	118
PF3D7_1254600	0	0	0	0	0	0	0	0
PF3D7_0210900	1	6	4	1	3	1	2	2
PF3D7_1224400	13	12	2	3	9	3	21	66
PF3D7_1369700	0	0	0	2	0	1	2	8
PF3D7_0306200	10	16	34	52	76	153	366	404
PF3D7_1239500	2	0	1	0	0	1	2	7
PF3D7_1478800	1	0	1	5	1	0	0	0
PF3D7_1427500	0	1	2	0	4	4	12	5
PF3D7_0627100	6	4	5	4	1	7	5	16
PF3D7_1009300	5	14	42	16	10	14	25	20
PF3D7_1113600	3	1	1	5	0	0	1	13
PF3D7_0804900	28	118	181	109	68	95	158	102
PF3D7_1146600	2	6	4	4	2	2	3	6
PF3D7_1368100	3	3	2	1	1	0	9	7
PF3D7_0316300	43	16	12	14	61	119	270	248
PF3D7_1467600	5	15	14	20	18	11	26	38
PF3D7_1432600	2	11	15	12	9	5	4	3
PF3D7_1102700	35	97	63	18	4	4	8	4
PF3D7_1111200	0	0	0	1	0	3	4	6
PF3D7_1316400	9	27	25	69	20	22	28	16
PF3D7_0714000	4	0	0	0	2	0	10	10
PF3D7_0816900	0	0	0	0	0	0	4	0
PF3D7_1343100	18	26	22	13	16	6	21	29
PF3D7_0932600	0	0	1	0	1	0	1	5
PF3D7_0307100	4	1	9	10	6	6	22	8
PF3D7_0900900	0	0	0	0	0	0	0	0
PF3D7_0111600	2	0	0	0	1	1	2	25
PF3D7_0924200	125	134	226	292	352	228	536	722
PF3D7_0405300	665	60	14	18	38	50	101	313
PF3D7_1401600	15	44	56	87	32	10	19	12
PF3D7_1340900	35	60	70	105	27	22	31	38
PF3D7_0614900	4	19	14	54	29	11	14	10
PF3D7_0209700	25	16	5	1	1	0	8	118
PF3D7_1227900	0	0	0	0	0	0	0	7
PF3D7_1031200	131	66	68	169	139	58	105	164
PF3D7_1030400	17	5	6	6	5	4	0	8
PF3D7_0108800	1760	411	81	28	13	11	3	50
PF3D7_1401700	0	2	3	1	1	0	0	2
PF3D7_1476600	4	2	0	1	1	3	2	7
PF3D7_0415400	51	185	283	275	307	198	283	126
PF3D7_0626000	4	3	5	2	5	2	3	32
PF3D7_1253300	0	0	0	0	0	0	0	0
PF3D7_0106400	1	2	1	0	0	1	6	15
PF3D7_0603000	57	6	7	3	5	10	59	140
PF3D7_0610900	31	45	69	57	50	64	56	28
PF3D7_1105000	422	44	7	9	8	11	25	69
PF3D7_1338600	3	5	3	4	14	25	65	75
PF3D7_0722300	1898	168	60	19	4	9	11	1019
PF3D7_1410200	15	22	52	43	43	55	135	142
PF3D7_0606300	158	82	175	277	282	212	395	544
PF3D7_0525800	4	3	3	3	2	2	3	2
PF3D7_1026200	6	7	6	11	4	4	0	3
PF3D7_1347900	12	9	6	1	3	1	5	5
PF3D7_1200700	30	53	83	103	47	24	21	18
PF3D7_1317800	11	21	17	13	25	11	16	12
PF3D7_0200500	0	3	0	0	0	0	0	0
PF3D7_1010500	2	25	28	38	26	22	19	19
PF3D7_1243800	6213	1104	235	85	75	149	524	548
PF3D7_1301400	2	2	3	8	6	3	0	5
PF3D7_0821000	14	27	13	11	11	3	17	45
PF3D7_0526300	92	13	5	9	9	31	81	255
PF3D7_0803600	9	3	8	9	5	9	32	40
PF3D7_0732400	0	1	0	0	0	0	0	0
PF3D7_1338800	11	3	1	0	2	2	21	106
PF3D7_1203500	20	1	0	1	7	18	39	93
PF3D7_1147000	16	9	20	20	15	47	167	279
PF3D7_1029800	1	1	0	3	2	2	3	1
PF3D7_0419100	18	12	4	7	3	10	22	40
PF3D7_0401100	0	0	0	0	0	0	0	0
PF3D7_1448700	24	190	138	193	75	63	77	74
PF3D7_1445300	31	29	17	35	25	21	19	33
PF3D7_0213600	10	2	3	6	0	11	46	43
PF3D7_1454400	1	5	8	4	1	1	2	7
PF3D7_0717300	30	13	46	35	25	19	41	27
PF3D7_0609400	35	73	233	301	119	222	351	694
PF3D7_0509100	5	0	1	6	2	0	9	11
PF3D7_1470500	4	3	4	3	3	6	3	7
PF3D7_1030200	8	15	9	22	6	8	13	11
PF3D7_1217100	16	5	0	3	19	54	134	135
PF3D7_0717600	32	2	9	4	9	8	10	34
PF3D7_1312300	86	16	10	4	72	195	492	626
PF3D7_0701600	1	0	0	0	0	0	0	0
PF3D7_1463500	18	50	44	27	20	25	74	84
PF3D7_0414000	1	2	0	0	0	0	0	4
PF3D7_1212000	23	12	1	12	7	7	6	17
PF3D7_1404900	3	1	1	0	0	3	3	4
PF3D7_0316900	2	22	11	13	11	4	11	28
PF3D7_1115000	0	3	2	4	0	4	4	5
PF3D7_0501900	16	1	3	4	13	34	139	366
PF3D7_1131500	0	2	0	0	6	4	11	16
PF3D7_0610000	6	24	40	18	18	14	11	19
PF3D7_1122400	3	2	5	4	0	1	1	0
PF3D7_1115300	6	30	29	44	24	12	18	68
PF3D7_0811300	4	8	10	6	16	2	21	17
PF3D7_1458600	25	6	5	2	5	9	24	48
PF3D7_1025500	5	4	3	14	3	10	30	56
PF3D7_1456700	5	0	0	0	1	0	4	4
PF3D7_0529300	79	18	8	30	48	51	87	356
PF3D7_0526400	8	15	27	38	29	22	41	45
PF3D7_0604000	0	1	0	1	0	0	2	4
PF3D7_1305900	1	3	8	2	1	2	4	10
PF3D7_1426400	2	0	0	0	0	0	0	5
PF3D7_1141000	0	0	0	0	0	0	1	0
PF3D7_1433800	1	1	0	0	0	3	9	6
PF3D7_0303800	28	4	0	5	1	5	10	51
PF3D7_API01700	0	0	0	0	0	0	0	0
PF3D7_1472600	1	1	0	1	5	0	4	1
PF3D7_0525300	4	3	2	0	1	3	3	2
PF3D7_1401500	93	125	115	52	16	3	5	4
PF3D7_0702200	243	120	55	74	61	19	22	14
PF3D7_0830500	52	51	50	10	11	4	12	22
PF3D7_0502300	14	3	4	1	1	2	2	13
PF3D7_1425800	70	213	191	215	207	151	145	80
PF3D7_1120200	2	0	1	0	1	0	2	5
PF3D7_0727200	1	3	0	0	1	1	5	4
PF3D7_1425000	3	0	0	1	2	2	2	11
PF3D7_1445800	4	3	6	17	8	12	8	16
PF3D7_1405300	2	3	0	6	19	55	67	63
PF3D7_1116200	378	129	23	20	8	16	67	230
PF3D7_1119700	72	165	142	112	89	92	51	171
PF3D7_1471600	0	0	0	0	2	2	0	1
PF3D7_0519500	16	34	54	44	26	13	20	43
PF3D7_1126100	10	20	11	45	56	51	50	58
PF3D7_1101400	0	0	0	0	0	0	0	0
PF3D7_API03900	0	0	0	0	0	0	0	0
PF3D7_1431900	21	4	14	26	51	30	34	90
PF3D7_1234200	4	1	1	0	4	14	51	56
PF3D7_1104300	0	7	7	12	13	2	12	14
PF3D7_1337800	122	20	8	12	4	4	11	143
PF3D7_1440200	117	6	6	2	3	1	18	413
PF3D7_1119000	8	2	1	4	2	6	8	22
PF3D7_1440300	0	0	0	0	0	0	0	0
PF3D7_1361500	4	4	0	1	4	23	51	45
PF3D7_0513200	22	107	138	226	258	424	872	310
PF3D7_0109800	6	2	3	5	1	5	3	38
PF3D7_1120100	36	6	7	14	11	19	47	150
PF3D7_0604500	7	3	5	3	3	1	10	11
PF3D7_1231200	42	60	127	104	87	67	139	104
PF3D7_1225900	0	5	6	4	4	5	7	14
PF3D7_1235900	4	6	1	1	33	4	8	11
PF3D7_1333000	0	1	0	1	3	0	4	6
PF3D7_0914000	803	64	11	8	5	18	24	104
PF3D7_1016400	11	3	4	0	1	0	25	64
PF3D7_0108400	96	149	216	203	120	63	43	70
PF3D7_0817700	75	8	5	4	0	5	9	62
PF3D7_0607300	18	20	35	40	49	30	110	189
PF3D7_0111500	1	0	0	0	2	2	3	10
PF3D7_1103300	0	0	0	2	0	0	0	0
PF3D7_0101500	0	2	0	0	2	0	0	0
PF3D7_1348400	1	10	20	9	8	6	14	14
PF3D7_1243300	0	0	3	0	0	1	3	10
PF3D7_1228000	13	8	0	2	0	36	136	97
PF3D7_1314700	1	4	4	5	3	14	2	17
