	T5	T10	T15	T20	T25	T30	T35	T40
PF3D7_1314600	17	102	161	264	422	418	465	339
PF3D7_0621350	58	7	5	2	1	1	1	8
PF3D7_0209400	69	216	422	483	506	706	1649	1680
PF3D7_1142200	22	3	1	13	60	168	309	148
PF3D7_0507200	971	157	38	22	3	3	58	2074
PF3D7_0806000	187	661	1210	1798	1825	1636	2795	2840
PF3D7_1006800	16058	42178	39633	58438	29709	28806	36136	24594
PF3D7_0412000	512	127	56	255	1236	2024	5568	9695
PF3D7_0732200	0	1	0	0	2	1	1	0
PF3D7_0324800	19	13	10	8	5	3	9	51
PF3D7_1227500	2465	466	195	126	156	1289	9692	28291
PF3D7_0301800	19083	15908	4207	831	237	200	193	106
PF3D7_0920900	331	910	1429	1577	1377	1425	2649	2637
PF3D7_1443600	106	17	19	13	191	607	1248	2132
PF3D7_0415900	7466	32102	43047	83231	56385	48126	55685	49258
PF3D7_0214100	8450	11706	10322	13520	6684	5765	10608	19213
PF3D7_0726100	6599	15308	12278	7128	2717	1363	988	560
PF3D7_0717700	667	2078	3438	5756	3362	3394	6496	7271
PF3D7_1342200	40	36	15	43	427	960	1161	518
PF3D7_1400700	2	1	0	0	0	0	0	0
PF3D7_1322800	31	2	7	1	3	67	241	493
PF3D7_1477400	70	26	33	135	822	1320	2016	2139
PF3D7_1106700	313	492	894	1513	1339	1179	1949	2271
PF3D7_0621100	4916	572	204	210	110	152	738	5681
PF3D7_1040800	0	0	0	0	0	0	1	0
PF3D7_0909100	206	83	65	77	21	21	95	896
PF3D7_1342400	1225	4197	5041	7453	5211	6040	8229	8473
PF3D7_1028500	945	1776	2316	2257	1689	1355	2205	2697
PF3D7_1419100	1619	2556	3151	3172	2625	2171	2433	1550
PF3D7_1448500	5320	900	348	393	3035	7415	19468	36638
PF3D7_1125000	372	136	53	60	68	394	1848	5043
PF3D7_1468000	184	46	36	31	93	329	766	527
PF3D7_0500900	302	36	11	10	14	19	26	246
PF3D7_1207600	133	777	1300	1665	1861	1543	1918	946
PF3D7_0311400	1163	304	148	126	82	69	170	259
PF3D7_0722200	51188	5496	1130	562	113	199	217	22159
PF3D7_API02500	0	0	0	0	0	0	0	0
PF3D7_0515900	264	32	32	174	378	497	1078	2079
PF3D7_0319500	551	3113	3777	7786	4034	4057	7326	5871
PF3D7_1450000	1988	1164	1045	900	656	626	892	769
PF3D7_0300600	0	0	0	0	0	0	0	0
PF3D7_1443900	295	218	171	1200	3032	4173	6968	7028
PF3D7_1222800	15	11	14	20	25	92	174	131
PF3D7_1470100	157	90	310	1067	1790	2287	3745	3465
PF3D7_0519700	2724	4125	4778	4829	2970	2457	3924	5849
PF3D7_1469700	88	34	16	21	206	482	879	1074
PF3D7_1455700	631	121	61	51	78	741	3234	6301
PF3D7_1132100	0	4	3	3	11	6	9	6
PF3D7_0532200	53	29	53	107	71	132	237	397
PF3D7_0508700	1710	2873	3480	4540	3890	3382	5655	7615
PF3D7_1227400	1180	989	1231	1661	1548	1193	2410	5341
PF3D7_1126200	4069	15258	15094	32987	17855	17536	20874	21600
PF3D7_1242500	104	18	10	8	96	379	1454	1858
PF3D7_0806700	1333	5635	7347	7857	3643	4123	9051	9229
PF3D7_0911100	45710	7800	1701	507	143	222	199	538
PF3D7_0303500	818	210	125	151	952	2623	7703	12361
PF3D7_0422800	72	11	1	10	13	85	504	1297
PF3D7_0926300	1045	290	98	103	151	368	1001	762
PF3D7_1436400	61	85	101	269	416	416	625	552
PF3D7_1215600	178	20	14	18	76	278	830	1308
PF3D7_0808700	152	30	20	50	24	36	86	332
PF3D7_1444700	54	21	24	23	143	479	1226	1314
PF3D7_1209600	258	40	11	14	7	14	32	75
PF3D7_0523800	925	2058	3070	2269	782	498	1308	3116
PF3D7_1459700	146	91	150	132	329	865	2354	1335
PF3D7_1409000	149	682	1220	1678	1649	1352	1521	1246
PF3D7_1028900	2069	338	68	19	8	8	12	98
PF3D7_1447100	350	942	1273	1406	756	581	1032	1208
PF3D7_1366000	136	200	338	499	417	347	547	431
PF3D7_1026000	1652	4223	9288	14999	11012	8349	10090	6605
PF3D7_0919800	3510	3085	2424	1315	553	833	4243	11374
PF3D7_0205000	87	57	71	80	50	174	591	326
PF3D7_1354200	1809	477	544	898	1215	1107	1400	2376
PF3D7_1353200	9397	41033	41957	38268	4075	776	729	642
PF3D7_0700300	0	0	0	0	0	0	0	0
PF3D7_0610800	7229	16085	15786	22757	17357	18042	21055	9545
PF3D7_0914300	410	1719	2389	2636	2178	2124	2402	1235
PF3D7_1005200	10	6	5	9	7	1	9	35
PF3D7_0605000	14	14	7	13	118	334	666	404
PF3D7_0410900	145	587	1205	2032	1357	1653	2581	2042
PF3D7_1113700	40	195	389	489	408	473	990	951
PF3D7_1108800	2	18	16	29	10	9	26	39
PF3D7_1129400	486	3948	6454	9507	7401	6092	5650	2304
PF3D7_1215000	286	33	19	20	19	134	615	1324
PF3D7_0607000	10754	22545	26120	34807	26360	23441	31302	26258
PF3D7_0519600	375	912	1715	2583	2185	2134	3551	4265
PF3D7_1460600	3389	435	140	116	72	112	343	952
PF3D7_1321700	6117	17108	17116	23151	18006	18104	22018	19821
PF3D7_0820000	2150	6621	8360	11274	7873	7562	10207	7838
PF3D7_0623900	98	105	46	70	430	954	1796	1729
PF3D7_0311900	44	16	6	8	188	305	470	456
PF3D7_1372900	0	0	0	0	0	0	0	0
PF3D7_0905600	49	9	2	6	1	4	11	20
PF3D7_1437700	458	103	33	61	83	374	1903	4036
PF3D7_1307100	1769	4205	5340	6183	4238	3650	4637	2739
PF3D7_1110300	1168	1906	1880	2814	3131	2791	2261	1928
PF3D7_0532400	382	1416	5309	29411	19402	16338	18257	8187
PF3D7_0527500	7445	18311	14551	22969	21607	28996	35155	19984
PF3D7_0620600	156	167	209	234	175	166	201	244
PF3D7_1413400	271	80	49	43	270	771	2268	4534
PF3D7_1214700	15	29	87	90	107	132	270	358
PF3D7_1327000	129	638	1430	2212	2289	2115	3216	2027
PF3D7_0716300	1405	384	181	1467	7574	13607	32547	55496
PF3D7_1426600	813	200	49	42	29	356	2400	5228
PF3D7_0210400	12	11	1	23	236	355	767	927
PF3D7_0920800	1290	8018	8874	14944	8758	7407	5037	1487
PF3D7_1250000	447	1262	1656	2377	1881	1421	1918	1559
PF3D7_1009200	236	689	1009	1086	927	711	1006	508
PF3D7_0921900	1777	3912	4387	5653	4340	3441	4906	4097
PF3D7_1463300	68	23	9	14	150	492	1333	1617
PF3D7_0318400	94	24	15	33	16	28	82	69
PF3D7_1321100	10964	1187	266	125	47	106	388	11157
PF3D7_1361300	84	59	98	87	75	66	133	180
PF3D7_1252900	3708	2647	1317	299	108	107	138	147
PF3D7_1244800	584	3905	5135	8726	6308	5946	7186	4444
PF3D7_1020100	74	34	14	24	12	1	7	5
PF3D7_0622600	124	12	8	8	31	149	482	1009
PF3D7_0525000	148	293	370	944	1888	1030	897	624
PF3D7_0732500	2	1	0	0	2	0	0	1
PF3D7_1335300	30763	7355	1475	607	208	285	228	352
PF3D7_0207000	29443	4733	865	393	563	2256	9933	36962
PF3D7_0412300	37	25	36	97	140	196	433	798
PF3D7_1433400	12155	3482	6784	19939	20941	27925	43857	86637
PF3D7_1473600	47	153	222	496	943	1926	2294	691
PF3D7_1006900	149	578	518	824	614	773	1341	1946
PF3D7_1014800	57	26	9	13	8	23	84	136
PF3D7_1471900	302	1585	1829	2421	1604	1818	2906	2233
PF3D7_1026600	149430	44622	11094	4208	1581	1739	1690	1416
PF3D7_0107600	88	69	57	42	41	26	74	120
PF3D7_0922100	9556	19314	20203	21771	10026	10070	17198	14948
PF3D7_1471000	358	671	927	1209	1332	1007	890	366
PF3D7_1429200	90	86	87	116	117	241	516	344
PF3D7_0800100	1403	345	174	491	827	635	781	3014
PF3D7_1416400	267	309	175	157	57	39	57	66
PF3D7_0516200	3547	15967	19836	32778	23945	20095	23444	20775
PF3D7_1029600	1112	3547	4813	4902	4406	9507	21260	13686
PF3D7_0517100	73	103	71	156	552	724	1067	561
PF3D7_1125200	76	222	633	1640	2155	1604	1656	1000
PF3D7_1114800	197	34	22	8	6	10	45	331
PF3D7_0520800	419	299	501	1252	1650	2642	5586	7517
PF3D7_0805600	5721	2441	1364	1368	2090	2120	2197	2463
PF3D7_1320900	78	504	676	798	475	696	957	894
PF3D7_1242600	52	264	530	796	735	490	717	682
PF3D7_0313500	101	415	787	1188	1020	834	1151	981
PF3D7_1310700	54167	11827	1813	567	132	246	85	1046
PF3D7_1209900	207	54	25	84	597	955	2184	2727
PF3D7_1302400	13	8	12	13	7	3	15	14
PF3D7_1300100	2249	718	180	85	198	401	580	2012
PF3D7_1448000	994	3688	4906	6231	3877	3010	2913	1382
PF3D7_0614200	113	408	526	461	625	586	820	435
PF3D7_1221900	7627	13746	13981	15605	4940	1987	1396	1311
PF3D7_0322900	3061	13763	16597	37410	26559	24533	27766	22816
PF3D7_0934100	281	735	902	1877	1282	1440	2345	2579
PF3D7_0918100	1580	3560	4353	3638	1105	1024	1643	1972
PF3D7_1018100	5	8	4	8	14	12	26	27
PF3D7_1019400	754	2550	4421	5815	6607	5212	6092	5700
PF3D7_1211200	2343	4149	4352	4813	3596	3228	4610	5964
PF3D7_0518300	871	453	882	1947	2721	3063	6252	11118
PF3D7_1023200	118	695	1418	1875	1758	1632	2065	1262
PF3D7_1222300	2164	1700	4010	12301	13755	17288	39229	60800
PF3D7_0518400	6	10	17	23	41	38	43	83
PF3D7_1009400	225	731	547	788	653	615	1105	1494
PF3D7_0630000	14	15	5	16	7	9	1	4
PF3D7_1320100	132	49	12	11	136	475	1585	3051
PF3D7_1100700	0	0	0	0	1	1	0	0
PF3D7_1302200	364	102	22	2	17	54	87	46
PF3D7_1221300	1479	214	88	64	144	686	2029	4178
PF3D7_0616800	102	43	122	635	771	765	1695	2446
PF3D7_1429700	290	460	686	1392	927	1215	2640	3134
PF3D7_1441700	45	19	15	10	81	182	367	402
PF3D7_0415300	1986	8071	9323	13979	8522	7740	8054	4989
PF3D7_0806800	26294	20001	15355	22083	14334	11066	15767	22689
PF3D7_1119300	3415	7186	7160	8842	5697	6780	9064	6707
PF3D7_0222900	0	0	0	0	2	0	0	0
PF3D7_0105800	1929	269	118	71	138	831	3666	7841
PF3D7_0526600	308	176	114	203	742	2530	3866	2675
PF3D7_1423800	860	2749	3392	4363	2353	1873	3624	5304
PF3D7_0822100	140	600	965	1593	1555	1164	1387	925
PF3D7_0924100	385	579	1050	1504	1391	1153	1809	2404
PF3D7_0918400	28	30	38	29	32	12	38	19
PF3D7_1441000	2906	2472	2546	2385	2230	2002	4012	7958
PF3D7_1015100	230	290	282	396	351	377	558	1467
PF3D7_0322400	347	2238	4044	4759	3125	2514	3207	1657
PF3D7_0507500	31970	5261	1206	362	125	149	79	577
PF3D7_0521100	13	5	1	0	14	52	126	165
PF3D7_1254400	1	16	19	7	1	1	0	0
PF3D7_1107400	138	85	34	60	142	945	2881	2996
PF3D7_0810800	48	29	103	963	2814	2920	3274	1584
PF3D7_0830900	1250	221	382	1923	2366	1057	846	460
PF3D7_1438000	2629	5532	7396	8742	6296	5436	7747	6995
PF3D7_0937200	14	23	35	30	52	71	123	111
PF3D7_0832100	173	66	17	10	24	7	0	5
PF3D7_1471800	38	51	37	39	32	70	63	71
PF3D7_1454200	794	1496	1946	1872	2002	1654	1399	629
PF3D7_1348600	2392	239	54	24	8	31	56	990
PF3D7_1203700	22052	26845	21430	23434	15093	17627	25196	24387
PF3D7_1247300	751	1061	1260	1384	925	697	1176	1248
PF3D7_1113100	25269	14616	13386	17869	13410	8727	11234	19758
PF3D7_0928800	204	77	40	40	699	1236	1993	1458
PF3D7_0601300	0	0	0	0	0	0	0	0
PF3D7_1033200	2625	2147	4490	17670	16376	10411	15657	33318
PF3D7_0702500	1761	11680	13494	31738	15715	11632	7952	3040
PF3D7_1362200	398	1471	2132	3674	2931	3139	3542	1837
PF3D7_1113300	449	123	103	168	537	1224	5229	10886
PF3D7_1138500	5700	7143	7155	8038	4675	4380	7420	12970
PF3D7_1421900	1006	144	51	29	224	608	2330	7025
PF3D7_1421200	1882	9355	15991	29640	25543	25929	31026	20811
PF3D7_1443800	200	329	546	885	876	888	1635	2660
PF3D7_0100200	100	81	84	95	33	31	44	333
PF3D7_0406000	2839	917	925	1715	1670	1698	2502	3424
PF3D7_1408300	6	7	3	6	3	6	11	30
PF3D7_0816300	23	27	67	146	209	329	499	190
PF3D7_1352200	2607	2468	2981	2688	2454	1609	1416	826
PF3D7_1122100	57	34	32	33	27	166	868	1525
PF3D7_1320200	77	26	21	23	219	365	756	1088
PF3D7_0508200	180	94	56	75	112	270	1123	1947
PF3D7_1121600	85085	64919	37616	68037	84313	69917	68299	35723
PF3D7_1231400	10279	1837	413	233	271	377	773	598
PF3D7_1216500	1487	1390	1436	1409	781	330	438	1051
PF3D7_0532100	19469	68213	49983	123183	168205	149139	101921	40656
PF3D7_1412500	427	4215	7070	10969	7997	5576	3282	1532
PF3D7_1322000	2443	523	86	28	132	687	3509	7050
PF3D7_1002900	471	876	1470	867	365	347	1470	3477
PF3D7_1001200	73	10	18	155	1867	3224	4618	3954
PF3D7_1308100	105	27	4	8	190	586	1371	1588
PF3D7_0806300	1500	303	82	45	17	12	408	7717
PF3D7_1249300	366	796	1040	1935	1804	1782	3641	5125
PF3D7_1027000	127	177	118	119	197	755	2029	829
PF3D7_0816000	860	2002	2727	3146	2461	1554	1507	1039
PF3D7_0318700	3927	889	190	48	25	21	14	22
PF3D7_0910600	609	119	60	179	225	178	303	356
PF3D7_0104500	57	399	872	1572	1770	1925	2242	829
PF3D7_1249600	209	69	37	32	152	423	1140	1543
PF3D7_0727800	516	645	1971	6256	5909	5615	11216	12981
PF3D7_0504700	668	454	661	1800	994	1942	3592	2605
PF3D7_0402200	64806	30342	8428	2771	380	410	186	660
PF3D7_0305200	5510	2963	3748	5360	4864	3816	3603	6608
PF3D7_0607100	14	16	31	21	20	16	10	25
PF3D7_1338100	2899	1411	2714	8957	7541	7892	16283	29397
PF3D7_0502800	92	638	1401	1497	909	725	772	241
PF3D7_0705900	543	495	471	1178	1118	2761	7956	9226
PF3D7_1407200	1432	442	289	341	354	392	593	609
PF3D7_0524900	1009	4010	4632	7686	5017	4202	3740	1552
PF3D7_1216400	2305	4624	5391	6155	2391	2388	5061	9121
PF3D7_1132400	714	249	1101	2987	3678	3534	6497	9474
PF3D7_0308700	3096	373	79	31	20	42	173	754
PF3D7_1241200	1015	2385	3595	4219	3999	3341	6262	8890
PF3D7_0611100	68	9	4	4	4	56	348	1167
PF3D7_1332000	3476	3704	3782	5040	3987	3080	4203	5191
PF3D7_1124400	188	504	822	786	770	714	988	704
PF3D7_0531200	67	16	4	8	95	141	291	268
PF3D7_0928000	2323	395	208	839	579	710	1811	5132
PF3D7_0804300	1688	2779	2847	3511	1666	1361	1219	1040
PF3D7_0617300	538	54	39	31	36	71	359	1844
PF3D7_0526800	552	3273	4147	8309	3989	5149	7295	5748
PF3D7_1445600	2606	3286	3030	4842	2902	2568	3570	3637
PF3D7_0424700	3105	20475	37880	63271	18043	3902	1974	781
PF3D7_1131000	120	26	13	62	425	1165	1745	1024
PF3D7_0632700	35	15	5	19	11	6	17	95
PF3D7_1461800	990	988	945	1003	410	313	426	668
PF3D7_1208800	2003	3590	3794	3112	1572	1341	2415	4561
PF3D7_1442200	215	132	64	68	168	558	1135	750
PF3D7_1349400	183	1215	1615	1934	1070	1267	1487	842
PF3D7_1039900	1	1	1	1	0	0	0	0
PF3D7_1018600	5243	5486	4361	7572	7340	6804	5555	4400
PF3D7_0111700	18	46	171	260	272	186	398	380
PF3D7_0727900	628	1670	2403	2574	971	700	1296	2218
PF3D7_1002700	577	385	551	689	338	619	2822	6312
PF3D7_1124600	12578	2120	595	466	1735	3609	5980	14090
PF3D7_0701900	21512	16539	7365	2239	348	146	37	36
PF3D7_1424700	15	25	28	41	66	58	62	43
PF3D7_0903700	2074	905	339	418	1001	5320	19088	30738
PF3D7_0417600	158	57	38	31	9	35	102	419
PF3D7_1418100	15	7	7	7	7	51	136	42
PF3D7_0628100	28185	3966	963	460	130	231	413	12630
PF3D7_1309300	2048	5782	6932	7367	3562	2803	4271	5804
PF3D7_0900700	0	0	0	0	0	0	0	1
PF3D7_0710400	96	100	308	933	1146	917	1524	1956
PF3D7_1474400	340	210	134	239	239	402	1126	1608
PF3D7_1451200	31159	36313	25525	23148	11645	9959	15001	19824
PF3D7_1455200	107	74	64	82	249	1528	3410	2509
PF3D7_1139500	3	3	3	12	7	85	124	33
PF3D7_0703300	50	24	81	249	453	399	527	605
PF3D7_1411500	1116	2741	3350	3455	2820	2242	2269	1047
PF3D7_1232500	14258	2904	706	204	40	82	854	7469
PF3D7_0214600	49040	9465	2078	610	132	241	162	671
PF3D7_1217400	4017	669	210	542	726	509	295	1228
PF3D7_1213500	10	7	12	5	2	2	3	12
PF3D7_1229900	230	98	125	280	219	397	922	825
PF3D7_0913400	6	8	6	24	81	172	273	104
PF3D7_0527800	0	0	0	0	0	1	0	1
PF3D7_0107900	39	40	225	771	775	763	1097	895
PF3D7_1439200	67	270	485	691	503	510	886	836
PF3D7_0934300	85	19	4	9	16	165	672	1151
PF3D7_1470950	43	100	39	85	46	50	46	37
PF3D7_0203200	138	364	574	600	395	269	406	705
PF3D7_1109700	10	20	11	30	13	19	16	13
PF3D7_0616100	144	255	317	418	373	331	370	556
PF3D7_0805000	71	22	14	3	5	54	573	1109
PF3D7_1465200	100	614	879	952	977	956	1506	829
PF3D7_1027100	2075	4024	4423	5623	3652	2811	2618	1256
PF3D7_0514900	214	485	597	756	622	460	924	1824
PF3D7_1408700	4750	11674	16341	17507	7978	6898	15704	29519
PF3D7_1142500	977	4232	4714	8992	6502	6465	6797	5064
PF3D7_1121800	40	49	27	32	10	21	75	60
PF3D7_1245000	65	42	77	66	123	134	443	592
PF3D7_1203600	47	110	95	88	130	216	443	531
PF3D7_1135900	1844	777	1258	1543	591	1120	5228	13696
PF3D7_0609500	30	9	30	90	33	10	27	68
PF3D7_0415700	647	95	16	19	94	221	603	1011
PF3D7_0105000	732	627	534	551	425	701	1087	1042
PF3D7_1316800	201	545	883	1085	854	870	1937	2964
PF3D7_0928400	117	6	7	10	8	33	352	1804
PF3D7_0717500	12276	2558	1215	2245	1904	1344	1202	5811
PF3D7_1369300	56	84	80	92	46	24	36	39
PF3D7_1031900	41	14	17	30	75	296	397	250
PF3D7_0529200	56	16	14	24	25	193	546	345
PF3D7_1405100	879	227	393	1021	1421	1398	1731	1198
PF3D7_1134700	2746	6250	6734	7710	6274	4876	3094	1157
PF3D7_1442100	66	8	3	50	455	618	1159	1732
PF3D7_1350000	85	137	120	178	283	262	355	388
PF3D7_1142700	156	946	1567	2623	2286	1621	2038	1236
PF3D7_1111600	26	10	13	5	7	16	87	203
PF3D7_1012800	63	48	39	27	117	362	691	654
PF3D7_0409500	211	70	31	50	35	420	3107	3804
PF3D7_0218500	707	1706	1690	2850	2148	2291	2912	3394
PF3D7_0720900	203	116	59	91	317	730	2068	2298
PF3D7_1308200	12803	29948	38611	62014	56707	47219	49375	32193
PF3D7_1302000	7789	21985	19289	25268	13956	7332	4051	1165
PF3D7_0222200	0	0	1	0	0	0	0	0
PF3D7_1241800	3845	7548	8139	11275	8538	7180	6119	3879
PF3D7_1032600	30	18	95	48	94	100	274	452
PF3D7_1025600	56	20	23	6	44	369	1156	787
PF3D7_1219700	13	14	1	7	1	5	13	4
PF3D7_0531500	5	1	1	10	14	22	31	74
PF3D7_1039000	932	4401	8766	13155	15436	9771	2483	488
PF3D7_1364400	2064	3042	3795	5669	5125	3749	5115	6091
PF3D7_0323700	3422	4033	4304	4747	3522	2794	4233	6499
PF3D7_1337600	1	0	0	0	0	0	5	6
PF3D7_0208600	368	68	27	57	555	1324	2807	4009
PF3D7_1027600	35	6	12	26	114	165	269	622
PF3D7_0928150	6	7	5	3	2	1	0	6
PF3D7_0713100	0	0	0	0	0	0	0	1
PF3D7_0908000	1022	205	345	539	259	309	1277	4739
PF3D7_1203900	8122	5881	3168	5831	5131	5887	7089	6842
PF3D7_0618800	109	23	15	20	506	1090	1905	1796
PF3D7_1254600	0	0	0	0	0	2	0	0
PF3D7_0210900	2702	3137	4332	4811	7012	6101	9761	10005
PF3D7_1224400	1562	2833	4004	3590	3227	2164	2167	1209
PF3D7_1369700	283	249	288	357	302	274	401	538
PF3D7_0306200	53	191	429	1052	1741	1684	2493	1425
PF3D7_1239500	182	60	15	29	207	500	1197	2910
PF3D7_1478800	871	655	669	762	451	135	58	120
PF3D7_1427500	128	23	24	71	378	1392	4290	4496
PF3D7_0627100	9379	7375	6011	6474	3857	3940	5735	7508
PF3D7_1009300	225	543	489	678	673	940	1967	2302
PF3D7_1113600	588	575	670	740	621	475	759	1361
PF3D7_0804900	3202	1382	1164	1284	1371	1180	1932	3978
PF3D7_1146600	14848	2701	509	341	514	1109	2363	4977
PF3D7_1368100	831	332	454	1255	1656	2207	4129	6697
PF3D7_0316300	1486	341	138	117	725	3292	11348	23161
PF3D7_1467600	1311	3088	6708	25200	20438	14393	15675	11089
PF3D7_1432600	93	306	580	999	782	897	1775	1751
PF3D7_1102700	41893	31530	15358	19037	4228	1676	963	361
PF3D7_1111200	105	453	738	968	876	1033	1335	668
PF3D7_1316400	5	3	1	0	7	9	31	14
PF3D7_0714000	24884	8900	6655	9495	6286	6167	19249	68243
PF3D7_0816900	2	4	6	6	2	6	23	21
PF3D7_1343100	2730	311	95	43	43	293	2131	9007
PF3D7_0932600	40	14	7	10	131	296	627	1113
PF3D7_0307100	1078	3726	6291	11003	10361	9333	11676	9424
PF3D7_0900900	0	0	0	0	0	0	1	0
PF3D7_0111600	48	114	386	892	754	627	1032	1028
PF3D7_0924200	98	196	424	854	988	931	1381	1274
PF3D7_0405300	40	82	82	201	63	59	42	75
PF3D7_1401600	21960	7507	7272	14875	3034	1534	1305	11316
PF3D7_1340900	11116	11881	8755	15190	6239	5383	7378	10743
PF3D7_0614900	2791	368	132	127	324	787	4316	14752
PF3D7_0209700	1774	3043	2544	3274	1562	1151	1442	1754
PF3D7_1227900	270	861	1519	2081	1611	1230	1507	799
PF3D7_1031200	2690	272	92	72	35	45	65	2122
PF3D7_1030400	47	96	69	192	35	33	61	58
PF3D7_0108800	215	78	138	340	504	545	1745	2140
PF3D7_1401700	8	4	0	0	5	8	18	16
PF3D7_1476600	373	1363	1717	3608	3053	2575	2606	2147
PF3D7_0415400	1810	1280	1545	1884	1576	1328	2978	5772
PF3D7_0626000	535	1524	3038	4369	2980	1978	3077	2739
PF3D7_1253300	1198	2703	1988	1107	325	209	245	100
PF3D7_0106400	150	808	1357	1811	1398	991	695	302
PF3D7_0603000	1453	1315	2151	2174	1554	1356	2135	3733
PF3D7_0610900	6107	8135	9163	9811	6886	5683	7472	7324
PF3D7_1105000	25770	18074	14607	18974	8689	9156	21130	51939
PF3D7_1338600	2073	470	112	97	590	1860	4758	7284
PF3D7_0722300	1079	2576	3119	3346	2371	2234	3269	2439
PF3D7_1410200	1262	5030	6457	10379	9159	7508	5006	1799
PF3D7_0606300	90	11	17	6	3	3	9	116
PF3D7_0525800	28582	5088	1012	289	89	187	105	650
PF3D7_1026200	12	6	10	13	381	615	950	453
PF3D7_1347900	104	32	21	22	193	856	2526	2692
PF3D7_1200700	93703	137249	73614	26895	2992	2093	2056	977
PF3D7_1317800	4086	16511	19488	37225	22327	18128	20357	18442
PF3D7_0200500	0	0	1	0	0	0	0	1
PF3D7_1010500	24	34	27	25	3	0	3	19
PF3D7_1243800	45	447	867	1428	1203	1175	1641	945
PF3D7_1301400	1078	13384	42430	84978	19087	3725	1715	578
PF3D7_0821000	698	77	24	15	112	505	1496	4090
PF3D7_0526300	289	754	1050	1265	862	602	685	654
PF3D7_0803600	2630	1146	1366	1807	1296	1229	3130	7578
PF3D7_0732400	0	0	1	1	2	0	0	0
PF3D7_1338800	116	111	70	98	206	707	1246	510
PF3D7_1203500	1483	3525	3932	3146	1708	1836	2968	2009
PF3D7_1147000	108	25	11	3	5	6	32	459
PF3D7_1029800	228	50	19	20	347	1080	2989	3124
PF3D7_0419100	26	11	9	32	87	182	307	272
PF3D7_0401100	0	0	0	0	0	0	0	0
PF3D7_1448700	96	178	254	298	362	288	297	360
PF3D7_1445300	50	66	37	42	90	282	1049	822
PF3D7_0213600	79	79	84	119	77	253	635	355
PF3D7_1454400	4872	7127	8076	13616	18042	16438	16111	12057
PF3D7_0717300	2965	963	682	2145	1908	1576	1915	2120
PF3D7_0609400	551	377	631	2082	3063	2716	3933	2775
PF3D7_0509100	1592	323	140	132	330	2048	9859	21010
PF3D7_1470500	272	104	103	89	39	86	864	1366
PF3D7_1030200	16393	3064	578	348	117	165	209	2003
PF3D7_1217100	91	121	151	173	136	118	177	163
PF3D7_0717600	1041	162	65	40	42	349	1663	4966
PF3D7_1312300	29	10	7	5	37	185	375	467
PF3D7_0701600	0	1	0	1	6	7	3	0
PF3D7_1463500	787	1394	1111	567	171	203	1025	1438
PF3D7_0414000	424	168	124	174	1126	2865	7738	10218
PF3D7_1212000	104	57	110	232	417	771	2522	4182
PF3D7_1404900	12388	6639	4172	4644	3486	3428	5080	5446
PF3D7_0316900	4528	2023	1830	1994	1552	1393	2178	3202
PF3D7_1115000	406	81	30	34	449	1439	2892	3002
PF3D7_0501900	121	208	314	404	366	375	1137	2081
PF3D7_1131500	12	12	11	13	6	13	22	13
PF3D7_0610000	91	42	16	22	68	441	1067	1185
PF3D7_1122400	631	1509	2005	2085	1636	1500	2650	2680
PF3D7_1115300	195	1749	3307	5765	3081	1898	1544	549
PF3D7_0811300	46630	54501	49249	45855	20991	14662	24140	46536
PF3D7_1458600	1858	2851	3084	3029	2297	1766	2712	3698
PF3D7_1025500	341	177	168	240	168	743	2435	1981
PF3D7_1456700	398	978	1533	1847	1410	1501	3084	4621
PF3D7_0529300	38	12	4	28	177	252	619	798
PF3D7_0526400	222	48	27	18	63	119	607	1953
PF3D7_0604000	45	24	23	31	241	578	691	324
PF3D7_1305900	250	129	248	712	1800	1944	1913	1312
PF3D7_1426400	12	0	6	0	0	3	15	191
PF3D7_1141000	16	8	38	37	12	8	66	142
PF3D7_1433800	675	105	53	121	620	1204	3595	8065
PF3D7_0303800	153	30	12	44	552	702	1105	1372
PF3D7_API01700	0	0	0	0	0	1	6	17
PF3D7_1472600	2396	297	98	65	63	137	358	1319
PF3D7_0525300	1245	171	37	19	13	34	183	173
PF3D7_1401500	53	108	600	2149	1638	458	468	222
PF3D7_0702200	4963	2665	1895	1575	565	245	252	116
PF3D7_0830500	77888	112892	64429	18867	1953	1230	732	444
PF3D7_0502300	10	7	7	5	5	3	0	14
PF3D7_1425800	721	167	94	92	160	314	1705	5424
PF3D7_1120200	1816	757	1031	1272	1359	1305	2592	6228
PF3D7_0727200	719	2998	2541	3285	2115	1833	1308	498
PF3D7_1425000	7	9	16	30	37	38	22	25
PF3D7_1445800	37	24	23	26	26	23	198	511
PF3D7_1405300	271	60	95	295	521	576	1543	2230
PF3D7_1116200	36	362	475	600	276	239	209	119
PF3D7_1119700	3599	947	483	287	233	233	508	1266
PF3D7_1471600	28	54	27	50	34	23	55	66
PF3D7_0519500	973	487	927	6762	8714	9238	13021	10454
PF3D7_1126100	97	35	25	97	190	469	1397	1923
PF3D7_1101400	0	2	3	0	0	0	0	0
PF3D7_API03900	0	0	0	0	0	0	0	0
PF3D7_1431900	430	98	43	28	16	39	188	919
PF3D7_1234200	861	184	98	204	1341	2181	4880	7152
PF3D7_1104300	566	201	152	338	1731	4118	11528	13214
PF3D7_1337800	10312	3158	795	318	110	75	77	150
PF3D7_1440200	61	17	20	175	656	1109	1976	1647
PF3D7_1119000	246	118	189	689	1724	2202	4751	6046
PF3D7_1440300	19	10	8	51	198	296	443	349
PF3D7_1361500	8375	1211	226	79	25	140	264	1692
PF3D7_0513200	2920	6381	8596	10603	7170	6613	11057	11809
PF3D7_0109800	434	1510	1808	2683	1626	1365	2214	2769
PF3D7_1120100	1606	17411	26258	67153	27883	33603	50786	36115
PF3D7_0604500	42563	43718	42302	44982	34082	29024	44664	52868
PF3D7_1231200	4744	1019	305	96	35	51	174	119
PF3D7_1225900	84	24	17	64	282	398	1262	2430
PF3D7_1235900	1519	5178	6215	6754	4925	4598	7589	7889
PF3D7_1333000	133	232	341	2046	2739	3640	4696	2838
PF3D7_0914000	128	327	502	799	837	860	894	396
PF3D7_1016400	881	2956	3559	5678	7457	6464	7345	3515
PF3D7_0108400	676	643	545	827	795	638	752	755
PF3D7_0817700	14860	1624	351	206	100	246	553	14723
PF3D7_0607300	64	35	29	15	28	236	1094	764
PF3D7_0111500	3113	329	156	171	718	1979	3976	5711
PF3D7_1103300	0	0	0	0	2	1	1	5
PF3D7_0101500	0	0	0	0	0	0	0	1
PF3D7_1348400	621	392	242	440	2733	4314	8598	9151
PF3D7_1243300	11	7	0	2	2	4	10	10
PF3D7_1228000	73	48	34	67	89	302	813	927
PF3D7_1314700	170	111	58	169	1071	1825	2781	2741
