	ERR3470491	ERR3470495	ERR3470496	ERR3470497	ERR3470499	ERR3470501	ERR3470502	ERR3470503	ERR3470492	ERR3470493	ERR3470494	ERR3470484	ERR3470486	ERR3470487	ERR3470488	ERR3470490	ERR3470504	ERR3470505	ERR3470506	ERR3470507	ERR3470508	ERR3470510	ERR3470511	ERR3470512	ERR3470514	ERR3470515	ERR3470516	ERR3470517	ERR3470519	ERR3470520	ERR3470521	ERR3470522	ERR3470523	ERR3470524	ERR3470526	ERR3470527	ERR3470528	ERR3470529	ERR3470530	ERR3470531	ERR3470532	ERR3470535	ERR3470536
PF3D7_1314600	100	1009	112	62	19	13	40	20	90	137	27	48	1	51	5	2	32	34	15	1	37	34	210	4	38	1	4	45	124	3	128	6	66	11	2	22	398	27	7	3	414	15	35
PF3D7_0621350	1	0	0	0	0	6	0	2	0	0	0	0	0	3	0	0	6	4	0	0	0	0	1	1	0	1	1	0	2	0	0	0	0	0	0	0	0	0	1	0	0	0	0
PF3D7_0209400	2169	3894	547	574	255	138	319	468	725	889	159	182	60	921	102	1	419	304	446	142	140	427	1348	159	277	18	99	104	722	80	395	84	468	299	116	104	1300	374	144	47	2698	138	478
PF3D7_1142200	9	30	1	5	2	10	0	5	11	7	1	2	1	0	3	0	16	14	2	0	1	3	7	7	19	1	5	12	12	3	33	9	27	2	2	11	228	2	1	0	5	6	4
PF3D7_0507200	35	71	46	14	66	48	6	52	48	18	1	11	2	8	79	29	67	519	38	3	4	12	14	10	1	19	21	1	128	20	10	5	11	5	23	2	6	28	13	9	13	17	2
PF3D7_0806000	332	1248	102	108	36	28	62	35	100	185	24	78	4	75	26	8	74	39	23	4	172	67	81	2	186	10	2	217	468	7	288	76	332	29	6	113	1548	38	6	4	318	31	15
PF3D7_1006800	16069	31368	5795	4922	3151	4515	1551	8745	8249	10449	393	843	2698	10084	1318	2408	9042	13854	7742	515	1252	1788	16826	12739	1718	3470	4635	1731	3672	1414	1986	474	1810	3881	526	721	11530	5905	800	144	15195	3518	9713
PF3D7_0412000	19	19	5	4	12	19	7	13	10	16	7	44	0	0	30	6	39	82	16	5	27	21	11	0	34	9	7	11	120	14	67	10	7	0	4	26	134	8	10	3	0	31	0
PF3D7_0732200	9	9	5	3	0	1	0	4	3	2	3	8	0	3	2	0	6	8	5	0	37	5	1	0	1	0	0	0	0	1	1	0	0	0	0	1	1	1	1	0	0	3	4
PF3D7_0324800	20	39	22	1	5	6	0	3	2	3	1	23	0	1	0	0	1	1	10	2	0	2	1	3	1	1	14	1	2	3	4	0	0	0	3	0	0	8	3	0	3	5	0
PF3D7_1227500	55	75	46	19	17	18	8	38	41	42	8	14	1	2	66	10	89	153	27	4	5	15	19	4	5	14	10	1	96	25	11	3	14	2	20	3	28	20	33	3	5	35	1
PF3D7_0301800	18748	22990	11329	5475	6815	12157	1152	34664	17179	15411	606	1159	10055	13846	2400	8260	23043	35026	20724	1826	467	4517	23172	30838	642	13915	15000	52	440	7933	161	1257	8	11490	2415	1733	92	23597	3762	885	19337	13149	42855
PF3D7_0920900	1443	3022	427	534	201	255	268	590	704	759	140	196	89	1099	102	18	722	1180	458	65	138	340	1512	201	187	111	447	254	548	41	454	70	425	375	73	119	1820	650	216	42	2613	139	737
PF3D7_1443600	19	46	19	7	6	9	6	11	19	9	2	6	2	5	15	3	27	48	3	1	2	6	15	0	3	5	5	2	30	6	16	3	2	1	6	1	44	3	5	0	5	17	0
PF3D7_0415900	21368	65683	9154	7756	4453	3349	4030	7369	10266	19589	1820	3945	1526	12311	1449	591	7000	11360	7042	1078	3108	4836	21147	5775	5646	1596	3545	6778	15440	1208	5014	1221	10586	4545	1052	1829	34727	8187	1187	413	25054	2149	11526
PF3D7_0214100	8656	15030	22920	4349	3095	6915	1904	8116	9444	7164	838	2473	2806	7055	1260	3377	5407	22180	17060	1032	533	3441	6496	6740	847	3361	4568	760	3175	2097	1696	790	3261	4037	1941	1048	4409	7888	2374	775	5698	2869	8530
PF3D7_0726100	28489	42245	14546	8699	5360	9578	3144	18692	20974	23369	1401	2406	4571	22855	2823	1889	15455	18667	18362	1882	1074	6037	25409	11738	963	4178	7521	916	4903	3825	1587	451	1320	11791	2410	617	4300	14099	2640	990	16166	4128	17120
PF3D7_0717700	3906	15280	3667	1622	622	521	926	1290	1819	4060	336	535	156	2670	337	37	1254	1108	849	201	635	1174	4904	403	1660	86	325	1447	3720	154	1823	503	3567	889	160	736	13158	1157	269	114	6106	401	991
PF3D7_1342200	12	315	10	7	2	4	8	4	3	16	1	9	1	5	3	1	10	13	8	2	9	13	4	0	9	15	4	1	57	0	51	7	75	0	8	13	121	0	5	1	19	5	0
PF3D7_1400700	2	0	2	1	0	0	0	1	0	1	0	0	0	0	0	0	2	2	0	0	0	0	0	0	1	1	0	0	0	0	1	0	0	0	1	0	0	0	0	0	0	0	0
PF3D7_1322800	0	2	0	0	0	0	0	0	0	0	0	0	0	0	0	0	0	1	0	0	0	0	0	0	0	0	0	0	0	0	0	0	0	0	0	0	0	0	0	0	0	0	0
PF3D7_1477400	10	3	3	0	14	11	4	8	3	8	0	2	0	0	12	0	10	5	3	1	10	49	23	0	37	3	1	73	59	4	138	249	3	0	4	374	2754	1	0	0	1	16	0
PF3D7_1106700	748	2479	380	332	102	47	139	90	331	702	55	130	20	421	56	4	202	229	73	22	220	170	877	59	297	13	57	151	515	29	483	71	412	60	39	82	1448	197	16	6	986	47	166
PF3D7_0621100	61	55	48	35	30	51	3	46	45	36	4	21	14	54	92	23	109	394	45	6	15	23	24	40	9	12	34	12	236	34	24	5	23	20	15	11	68	27	20	4	8	47	6
PF3D7_1040800	0	0	0	0	0	0	0	0	0	0	0	3	0	0	0	0	0	1	0	0	0	0	2	0	0	1	0	0	0	0	0	0	0	0	0	0	0	0	0	0	0	3	0
PF3D7_0909100	12	48	2	6	0	1	0	6	12	5	0	7	0	1	7	2	12	39	6	0	1	2	8	1	4	3	2	0	5	1	1	0	0	1	5	1	15	6	6	0	4	1	1
PF3D7_1342400	3656	4746	1389	1112	506	657	424	1168	1700	1720	183	271	450	2416	285	99	1422	2129	1360	133	290	577	2835	1195	500	296	863	273	1057	344	628	117	505	709	164	202	2153	1045	318	61	3551	415	1919
PF3D7_1028500	7034	12003	3526	1742	918	1976	718	2496	3292	4253	227	425	1118	4185	549	789	2387	3826	2786	197	570	871	5074	2805	744	1197	1686	740	1946	664	1002	211	1085	1361	302	374	5448	2004	161	84	5074	1266	3763
PF3D7_1419100	4788	6266	2780	1267	695	1396	480	1993	2511	2621	165	339	594	3451	307	52	1573	2087	1877	186	463	733	3494	1538	678	670	1338	558	1791	358	940	232	834	898	221	333	3822	1533	125	61	2897	665	1982
PF3D7_1448500	75	236	71	47	29	36	8	70	78	70	12	26	11	13	119	18	104	193	68	10	15	26	24	13	19	27	22	34	174	24	61	8	14	11	18	14	268	35	47	4	6	44	8
PF3D7_1125000	6	10	2	1	5	1	0	3	4	6	2	1	0	0	12	3	10	29	5	1	3	2	5	0	0	3	2	2	23	0	1	1	0	2	0	1	17	3	4	0	0	5	0
PF3D7_1468000	57	321	39	27	17	18	16	12	35	24	1	12	0	28	4	3	45	46	41	3	4	17	26	8	8	14	11	6	40	6	20	1	6	12	16	7	100	20	18	7	23	14	5
PF3D7_0500900	18	16	28	6	7	337	0	12	41	3	1	7	4	3	24	21	18	44	9	0	2	5	102	4	5	7	7	2	66	3	8	1	0	5	33	0	11	15	12	1	196	32	1
PF3D7_1207600	1519	5771	1379	734	214	157	264	248	886	1670	63	121	63	975	99	5	613	432	392	39	180	253	1957	132	212	33	159	225	666	61	293	34	252	318	63	72	1072	408	32	24	1639	109	539
PF3D7_0311400	64	63	71	20	9	33	12	28	33	19	2	22	0	1	12	3	64	124	24	11	6	5	16	2	4	16	21	0	9	6	5	3	5	2	27	0	0	21	39	2	3	18	2
PF3D7_0722200	106	47	73	18	63	73	3	48	153	30	1	8	4	77	146	84	145	889	50	3	8	8	18	23	7	9	16	0	345	13	6	3	6	7	8	2	14	11	22	1	6	70	2
PF3D7_API02500	0	0	0	0	0	0	0	0	0	0	0	0	0	0	0	0	0	0	0	0	0	0	0	0	0	0	0	0	0	0	0	0	0	0	0	0	0	0	0	0	0	0	0
PF3D7_0515900	1	25	6	1	4	2	5	5	3	5	4	31	0	1	23	4	17	46	3	1	21	8	3	0	41	5	0	42	77	3	56	14	73	1	2	26	253	3	2	1	1	13	0
PF3D7_0319500	1155	3694	928	378	191	127	285	248	562	792	36	88	47	842	84	12	391	468	198	27	85	219	1132	168	204	26	60	172	596	45	211	25	267	101	23	56	1076	165	46	15	937	93	244
PF3D7_1450000	3193	5184	2013	847	673	1126	352	1841	2102	2149	275	607	816	2881	277	574	1822	2478	1523	208	312	773	2031	1713	402	609	1478	526	1727	509	874	210	1123	1511	320	269	2635	1586	350	178	3359	757	2428
PF3D7_0300600	0	0	0	0	0	0	0	0	0	0	0	0	0	0	0	0	0	0	0	0	0	0	0	0	0	0	0	0	0	0	0	0	0	0	0	0	0	0	0	0	0	0	0
PF3D7_1443900	272	946	172	197	84	31	114	137	114	296	36	276	5	96	47	9	181	268	141	24	158	131	184	23	330	26	138	333	497	31	689	95	828	65	17	152	1750	260	39	11	233	82	156
PF3D7_1222800	1	2	3	0	0	0	0	0	0	1	1	0	0	0	0	0	2	4	0	0	1	1	3	0	0	2	0	0	0	0	0	0	0	0	1	0	6	2	0	0	0	0	0
PF3D7_1470100	118	1464	65	118	12	18	136	34	81	166	34	172	3	46	27	4	63	57	33	12	119	95	352	12	238	17	19	159	829	4	375	45	321	2	18	74	1125	105	17	9	416	44	27
PF3D7_0519700	14230	37061	8619	3859	3596	7884	1712	8879	9573	12046	770	1853	3678	10584	1598	3376	8652	16747	8665	794	1012	2799	14222	11087	1910	4033	6534	2168	5142	2415	2734	693	3824	4959	1444	962	15336	7416	1188	561	20561	3821	8301
PF3D7_1469700	11	14	0	1	0	2	2	3	2	2	0	2	0	0	0	0	7	8	3	0	2	0	2	1	0	4	1	0	3	1	1	0	5	0	4	0	4	4	3	0	1	3	0
PF3D7_1455700	17	14	5	12	9	14	4	18	13	13	3	4	0	1	19	8	21	54	15	2	0	7	15	1	1	13	8	1	36	8	2	0	2	3	6	1	1	14	15	1	2	16	0
PF3D7_1132100	39	110	30	10	3	6	5	15	17	13	1	9	5	27	5	2	23	26	25	1	1	3	12	6	0	3	8	1	4	6	0	2	4	7	10	5	12	17	13	3	3	10	3
PF3D7_0532200	1429	3886	1404	354	229	53	51	28	1064	1966	189	176	19	932	111	109	252	527	678	76	142	544	181	63	155	27	206	694	1106	119	426	97	968	272	92	121	2675	456	170	52	3442	209	303
PF3D7_0508700	4450	6079	3894	1502	729	1484	626	1614	2917	3042	229	328	608	3021	440	212	1947	2205	2035	136	419	882	3165	1497	550	537	796	637	1683	356	765	214	762	1061	219	278	3907	1434	170	39	2334	574	2937
PF3D7_1227400	1926	4402	2007	735	251	410	319	946	1129	1532	214	584	237	1588	208	141	698	1101	775	113	453	512	1782	488	853	262	674	684	1393	184	634	205	896	512	132	284	4015	958	165	53	1610	307	1154
PF3D7_1126200	19710	72120	10999	8869	4828	3048	3886	10620	14463	20618	2165	2372	1544	11348	1432	952	8277	15952	6891	1336	2753	5471	26147	7128	4577	1886	4020	6270	14908	1002	5742	1259	10963	4272	911	1892	47649	10863	1231	645	41612	2382	14230
PF3D7_1242500	6	11	0	1	2	1	1	2	2	3	0	3	0	0	5	3	11	9	7	0	1	2	3	0	0	4	0	0	6	2	1	0	40	0	1	0	13	4	2	2	4	3	0
PF3D7_0806700	4347	11526	2315	2275	636	571	846	1241	2375	4297	380	685	199	3361	294	62	1350	1157	1016	256	509	1214	4012	478	769	158	619	883	3140	239	1972	383	1735	1145	188	578	7080	1922	226	141	3176	270	2105
PF3D7_0911100	264	517	180	26	248	742	17	276	246	123	4	11	46	42	221	502	207	1885	82	5	14	78	32	84	6	28	74	4	146	63	9	0	4	223	37	1	2	47	41	21	41	115	25
PF3D7_0303500	38	79	33	12	11	11	2	31	26	32	5	10	0	3	26	19	42	42	14	3	5	16	16	6	29	8	8	10	84	8	41	39	10	3	15	60	407	9	16	1	11	14	0
PF3D7_0422800	51	30	36	8	5	34	4	42	15	32	0	12	3	71	6	1	59	17	17	1	0	7	7	9	2	10	8	1	21	5	2	0	1	12	13	1	10	17	25	3	3	3	7
PF3D7_0926300	46	119	38	26	18	20	8	19	10	23	3	12	7	32	27	17	44	100	23	1	3	6	24	24	16	35	9	5	19	4	9	0	6	5	10	5	45	37	10	1	16	12	13
PF3D7_1436400	87	443	51	59	27	133	21	132	56	101	12	29	83	59	16	24	122	67	72	4	36	43	93	162	33	67	42	52	62	23	65	15	51	53	9	25	271	34	26	5	142	36	20
PF3D7_1215600	3	0	0	0	3	1	0	0	1	1	1	2	0	0	2	0	7	16	0	0	0	0	2	0	1	1	0	3	6	0	0	2	1	0	0	2	17	0	0	0	0	4	0
PF3D7_0808700	61	297	472	11	12	21	61	43	71	66	20	40	6	151	22	14	61	45	79	1	4	47	58	12	23	7	55	15	228	0	70	10	1050	16	8	24	129	11	22	81	7	7	34
PF3D7_1444700	22	43	15	14	13	27	3	110	35	47	3	2	14	20	7	18	61	42	71	1	1	5	49	39	2	24	12	0	4	21	7	1	0	15	7	3	36	24	5	2	8	21	52
PF3D7_1209600	16	22	6	3	5	9	1	4	8	3	0	0	0	0	5	3	16	71	7	0	0	1	3	0	0	5	4	1	12	6	1	0	1	1	5	2	6	4	4	1	0	1	0
PF3D7_0523800	10739	12187	6925	3272	2160	2435	1077	6143	6179	6096	590	1278	2100	8053	1130	1473	5407	8632	5314	690	512	2339	7233	5763	701	2232	3424	735	4224	1937	2089	418	2326	3359	1264	550	4542	4733	834	456	8841	1557	7320
PF3D7_1459700	10	12	5	2	1	4	0	7	1	2	2	2	2	4	1	1	5	12	9	0	0	1	2	5	2	1	4	1	3	2	3	0	1	1	3	0	6	3	3	0	6	3	1
PF3D7_1409000	2591	7080	1610	824	426	226	492	1060	955	2035	229	438	72	1210	135	9	825	989	560	104	225	808	3570	226	381	54	257	331	1264	93	833	105	800	729	95	174	2398	1088	146	68	3100	132	1107
PF3D7_1028900	23	8	17	3	13	59	1	34	41	10	1	3	1	0	25	20	40	191	8	0	1	6	4	4	0	3	5	0	19	8	2	1	2	2	3	0	1	4	6	1	0	10	0
PF3D7_1447100	1396	4248	814	302	191	315	155	664	803	1019	82	82	112	631	53	15	404	576	471	17	145	194	1088	313	132	69	239	299	347	35	152	47	258	247	30	52	1321	276	51	17	856	151	569
PF3D7_1366000	44	612	38	14	28	33	15	55	61	111	15	32	13	52	8	16	39	104	67	2	6	27	183	44	19	25	12	31	79	7	38	14	55	43	5	20	212	61	15	9	213	37	78
PF3D7_1026000	178	1027	700	1174	324	286	138	3132	137	442	166	551	56	366	51	74	373	52	998	120	1217	505	928	137	1420	123	797	1737	1266	179	957	452	492	1326	6	551	8001	1163	61	18	1257	733	2577
PF3D7_0919800	4374	6264	2269	864	595	919	453	1519	1868	2111	111	156	436	2520	306	142	1446	2069	1152	100	121	521	2397	982	76	199	582	82	715	268	282	73	38	864	185	110	728	1081	241	58	2149	272	1251
PF3D7_0205000	14	31	6	5	3	6	2	2	8	8	1	1	1	7	2	1	10	5	5	0	1	0	13	1	0	5	1	1	6	3	2	0	2	0	3	1	7	6	3	0	7	3	0
PF3D7_1354200	424	1599	271	157	74	90	85	178	252	428	64	184	20	258	64	10	159	305	126	8	158	138	423	48	194	20	54	243	452	31	276	67	315	68	17	77	1346	78	25	8	553	87	75
PF3D7_1353200	38968	105699	8582	11539	5385	3578	6272	6936	14043	22601	5561	4523	872	16386	1404	137	10786	10697	5291	1067	2523	8948	15641	2925	5255	1083	2596	7536	35651	2076	11835	1526	26542	6105	1165	2216	47773	10734	2834	1683	57446	2513	22172
PF3D7_0700300	6	2	0	5	0	0	0	7	2	0	0	3	0	0	2	1	6	3	0	0	0	0	1	0	0	0	2	0	0	0	0	0	0	0	4	0	0	0	4	1	0	1	0
PF3D7_0610800	25995	45675	18008	10431	6823	7884	3585	17279	17060	20702	2674	4175	3733	20810	3175	4148	14420	26604	15294	2010	1821	6799	24199	12754	3362	5924	8189	3388	12611	3782	7343	1580	8221	10212	3132	2372	22988	15111	4514	1674	32718	4162	21436
PF3D7_0914300	2686	3690	1718	838	381	395	371	617	1387	2073	165	202	168	1786	218	28	798	1026	711	133	189	572	2994	369	342	94	375	376	1014	109	522	98	672	455	140	142	1919	748	101	46	4220	179	1064
PF3D7_1005200	1	2	8	0	0	1	0	0	0	2	0	0	0	0	0	0	2	0	0	0	0	0	2	0	0	0	0	0	0	1	0	0	0	0	0	0	2	0	1	0	0	0	0
PF3D7_0605000	11	23	10	3	0	1	1	2	1	2	0	0	1	0	0	2	10	10	3	2	1	2	1	0	0	2	4	0	6	0	1	1	1	4	5	1	10	2	3	1	1	7	1
PF3D7_0410900	719	1889	494	365	123	146	203	161	430	792	64	210	14	409	60	22	214	121	137	21	298	222	635	37	519	13	45	552	1460	24	605	120	829	184	42	193	3289	140	17	6	700	65	189
PF3D7_1113700	1316	4771	429	392	177	164	222	251	662	1456	143	151	75	521	87	12	329	392	242	47	78	289	1030	213	148	35	82	280	646	64	219	52	578	289	58	76	1639	369	129	45	1376	50	508
PF3D7_1108800	3	20	3	2	0	2	0	3	2	1	0	2	0	4	0	0	0	3	0	0	9	0	4	0	2	2	0	3	2	0	2	1	7	5	1	0	21	3	0	0	10	2	8
PF3D7_1129400	6786	16197	4719	2632	718	790	1250	964	3631	5114	434	807	140	4048	379	40	1934	1282	1033	163	1085	1342	5643	397	1602	126	404	1698	4837	197	1970	391	2651	819	194	611	9886	1196	159	105	7730	440	1419
PF3D7_1215000	1	3	1	0	0	1	0	2	1	3	2	0	0	0	6	0	2	12	2	0	0	0	3	1	0	3	0	1	5	1	1	1	0	0	2	0	8	1	0	1	0	4	0
PF3D7_0607000	12826	9935	7010	4374	2585	2619	1962	5565	7889	6181	731	995	953	8436	762	741	5106	4276	5065	425	1038	2555	4721	3061	1675	1204	2090	1741	4671	1160	1865	507	3186	2196	484	704	9492	3176	606	220	3463	1360	9464
PF3D7_0519600	782	1834	298	292	82	89	139	196	268	614	79	135	28	490	58	3	239	362	229	38	198	221	769	46	231	18	114	279	798	39	553	115	551	135	36	141	2451	185	23	12	993	70	384
PF3D7_1460600	38	69	25	7	40	52	5	76	94	17	1	8	6	14	66	60	60	398	12	2	6	4	51	16	1	7	19	1	81	8	1	2	4	4	0	0	33	4	11	3	29	29	4
PF3D7_1321700	703	1286	986	479	271	282	327	594	795	511	117	162	74	621	76	35	394	775	670	116	108	379	485	197	144	65	312	114	341	76	197	57	364	257	89	68	608	569	194	45	442	99	752
PF3D7_0820000	14380	16891	5917	4393	1493	1386	1398	3523	4421	6138	556	957	439	8032	428	222	3493	3384	2639	375	1438	1910	6458	1477	2010	640	2236	1642	5981	686	3526	699	2868	2165	289	1062	13566	2898	342	170	5636	912	4984
PF3D7_0623900	145	98	146	38	67	376	8	209	82	143	4	15	123	69	10	67	109	139	489	2	6	24	78	304	65	119	60	38	109	56	70	13	16	67	22	12	161	94	81	7	27	78	37
PF3D7_0311900	35	250	6	16	2	2	6	10	3	41	7	3	0	17	6	3	10	18	8	1	22	7	15	0	19	5	2	9	48	2	32	5	9	0	6	3	170	2	4	1	17	8	0
PF3D7_1372900	2	2	1	0	0	5	1	1	0	0	0	0	0	1	0	0	1	6	5	0	2	0	0	0	0	0	1	0	0	0	0	0	16	0	0	0	0	0	1	0	2	0	0
PF3D7_0905600	20	52	6	4	2	12	2	7	3	8	0	11	0	0	2	9	26	30	16	3	0	6	4	1	3	2	5	0	8	1	1	0	1	2	5	0	4	6	10	2	0	10	0
PF3D7_1437700	47	26	32	26	2	23	5	28	20	27	2	11	8	23	9	9	51	43	52	0	1	11	19	26	4	4	9	0	26	13	15	8	4	16	22	8	104	35	19	2	2	9	10
PF3D7_1307100	2466	6058	1403	997	435	678	293	1310	1556	1863	118	212	353	2070	218	83	1203	1273	1092	111	300	448	2778	702	393	248	702	338	947	211	802	125	671	563	129	207	2472	990	118	65	2936	290	1742
PF3D7_1110300	1904	3581	1344	526	439	299	215	1059	1138	1615	101	146	432	947	182	601	960	2063	1232	99	211	370	2256	1003	301	395	373	252	664	196	327	73	320	330	131	128	2346	924	88	46	2280	379	1499
PF3D7_0532400	100	278	520	59	593	677	319	92	60	56	419	2485	10	19	33	116	318	87	270	2	6912	968	66	38	9488	20	15	7645	5822	11	1221	1391	3295	1	3	2118	39944	207	12	14	40	1271	38
PF3D7_0527500	10253	12569	6501	3863	1783	3142	1055	3870	5880	4359	425	1146	892	5381	686	1478	3430	11114	8443	543	427	2431	3960	3330	403	1402	1615	664	2425	1059	1455	334	2240	2642	1060	473	5452	2957	1277	510	3945	1333	6443
PF3D7_0620600	550	419	181	91	15	156	41	117	184	192	5	31	22	530	21	0	200	73	130	9	13	57	172	24	25	6	84	13	109	11	32	3	50	100	19	5	140	99	73	13	84	48	70
PF3D7_1413400	15	26	7	7	2	7	4	11	12	10	1	13	0	0	10	1	30	46	11	3	4	4	8	0	3	16	2	3	14	2	2	2	4	3	14	0	43	13	15	1	0	5	0
PF3D7_1214700	54	392	42	36	6	3	17	13	30	57	6	31	0	38	4	0	24	23	13	4	15	27	80	2	21	1	7	41	84	1	55	5	47	19	1	15	206	18	2	1	51	5	2
PF3D7_1327000	740	1980	603	273	91	69	112	164	516	621	63	110	30	713	9	5	278	203	124	33	157	226	673	33	212	12	43	228	749	21	374	81	296	86	42	94	1254	148	30	26	697	76	281
PF3D7_0716300	251	664	220	73	33	218	52	239	133	481	45	169	103	124	108	37	162	281	207	12	178	131	135	244	323	40	90	249	582	75	520	155	373	105	41	247	2888	174	41	8	297	83	66
PF3D7_1426600	28	49	21	10	6	22	1	32	24	26	2	4	8	88	10	5	28	33	29	2	3	7	4	16	3	8	11	0	32	8	4	1	7	16	2	4	13	17	11	3	8	8	10
PF3D7_0210400	3	8	0	1	0	1	0	3	1	1	1	1	0	0	1	0	5	11	2	0	1	3	2	0	4	1	1	24	7	0	9	0	13	0	0	1	70	1	1	0	3	1	0
PF3D7_0920800	17638	22215	2646	5138	2871	1977	2116	5281	7907	10538	1210	2022	747	10758	894	128	8567	14063	4612	1151	1413	2919	14727	2845	2659	987	2966	2654	9170	548	4146	778	6129	4120	1007	1099	14701	5197	1372	495	16537	1153	7132
PF3D7_1250000	2917	9764	1365	735	340	611	434	990	1455	2178	91	168	202	1530	169	41	958	1725	755	103	230	315	2962	683	273	150	400	386	766	66	395	85	438	413	49	135	2553	677	99	24	2293	252	1065
PF3D7_1418500	3	4	0	0	0	0	0	1	1	0	0	0	0	1	0	0	1	1	0	0	0	0	0	0	0	0	0	0	0	0	0	0	0	0	0	0	0	0	0	0	0	1	0
PF3D7_1009200	4077	6690	2799	1486	790	1132	463	2209	2676	3126	352	549	569	2592	305	219	1750	3209	2170	269	284	935	3265	1433	296	433	1010	450	1620	515	749	146	807	1641	472	242	2462	2037	589	203	3201	424	2560
PF3D7_0921900	4365	9886	3440	1250	728	915	640	1707	2372	2168	105	227	485	2445	275	256	1747	3079	1809	128	557	698	4184	1610	738	352	544	890	1360	189	621	139	839	356	92	151	4869	1103	76	32	3846	539	2129
PF3D7_1463300	14	13	26	5	1	6	2	7	8	12	2	4	1	1	6	6	20	23	9	0	4	6	4	0	0	8	5	0	7	1	6	0	0	0	8	3	3	6	4	0	2	3	1
PF3D7_0318400	14	39	1	5	7	1	3	6	7	8	1	5	3	3	2	3	23	22	6	9	0	0	5	0	1	6	7	0	9	3	2	0	4	1	6	0	1	4	5	0	1	5	3
PF3D7_1321100	298	918	134	74	65	46	24	63	253	138	12	59	2	89	126	88	219	384	89	12	90	32	154	9	121	16	21	17	416	47	43	4	21	41	17	16	61	100	31	11	82	116	47
PF3D7_1361300	18	6	15	3	2	2	1	5	11	2	2	5	0	10	2	1	1	5	7	1	6	2	11	4	5	3	2	2	4	2	3	0	6	1	4	1	6	2	1	0	9	6	16
PF3D7_1252900	1918	5210	1618	667	420	984	203	3578	1032	2887	89	98	687	1704	322	200	2146	3020	1627	268	34	485	2650	2051	46	1436	1851	9	29	522	36	198	1	2307	169	285	38	2416	377	86	1634	1387	5824
PF3D7_1244800	5250	12584	2082	1560	502	598	883	856	1770	2852	256	349	128	3964	342	32	1193	1506	1350	95	445	828	4901	434	708	117	470	856	2494	185	904	153	986	769	136	217	4845	1085	166	47	4477	298	1140
PF3D7_1020100	2	5	1	2	0	3	1	5	1	2	0	1	0	0	2	3	5	15	2	0	0	0	0	1	0	1	2	0	2	0	1	0	0	0	0	1	1	1	2	0	0	1	0
PF3D7_0622600	0	24	1	2	0	0	1	1	2	3	1	0	0	1	2	0	3	18	1	0	0	2	2	0	1	0	1	0	6	2	6	1	1	0	0	3	16	0	3	0	3	2	0
PF3D7_0525000	74	189	196	1091	319	667	67	1091	78	115	430	2392	9	214	75	29	343	105	643	148	602	883	196	16	884	19	571	390	603	75	790	507	18	933	14	643	1634	956	106	57	294	236	877
PF3D7_0732500	2	3	1	5	2	3	0	0	2	3	1	3	0	0	0	0	7	8	2	0	0	0	3	1	7	1	1	0	1	3	0	0	4	0	4	0	0	4	2	0	6	1	0
PF3D7_1335300	177	333	34	41	31	73	29	38	109	58	4	24	4	46	32	84	85	574	20	3	11	19	112	22	15	14	19	21	80	16	27	1	11	37	16	7	33	26	20	1	122	34	14
PF3D7_0207000	39	26	13	2	41	27	4	38	87	15	1	3	1	0	128	52	78	693	13	1	14	7	3	0	4	5	15	0	133	22	1	1	1	1	2	0	3	3	14	0	1	43	0
PF3D7_0412300	223	414	4	103	12	5	34	80	142	94	16	52	10	156	17	1	70	135	68	5	16	51	245	22	46	8	19	51	136	25	91	21	93	52	7	28	202	65	28	12	381	23	81
PF3D7_1433400	953	3144	1070	571	232	225	335	199	860	641	190	662	11	449	280	62	394	519	186	21	668	613	448	25	1433	60	76	1494	3049	68	2665	1079	2119	133	52	1528	11970	208	69	21	500	243	3274
PF3D7_1473600	0	15	0	0	2	3	0	3	1	4	1	2	0	1	0	0	9	4	3	0	1	1	1	0	0	0	0	1	1	0	4	0	3	0	0	0	7	1	2	0	2	0	1
PF3D7_1006900	981	3041	483	356	115	115	126	325	530	637	90	202	37	603	58	7	232	284	190	38	133	206	1242	103	174	18	97	138	414	41	243	49	173	210	36	69	1130	214	48	18	1264	71	395
PF3D7_1014800	18	102	8	4	3	1	1	2	12	2	0	1	0	3	3	5	18	10	9	0	2	1	4	0	0	10	3	2	4	4	0	0	2	4	6	0	2	1	8	4	1	3	1
PF3D7_1471900	1245	4745	799	691	216	76	252	465	661	1613	50	97	100	828	99	13	328	694	760	115	99	428	2314	225	217	81	270	163	416	137	316	41	199	486	70	60	1213	1009	46	25	1544	140	811
PF3D7_1026600	1323	1063	1436	201	733	6422	113	556	1886	1014	20	32	988	647	230	2312	1069	1842	715	18	25	517	328	2702	49	1025	656	13	130	243	50	58	16	315	75	73	136	150	104	20	389	902	274
PF3D7_0107600	19	71	79	11	5	27	8	30	20	33	2	7	1	17	2	6	30	40	72	2	1	6	8	4	7	21	3	4	12	5	9	1	5	14	13	2	9	29	17	1	4	6	6
PF3D7_0922100	18705	32243	13619	5108	3411	5962	2700	8400	11763	13264	596	880	3358	12795	1884	2613	8050	11541	10558	671	1296	3254	13672	9449	1802	3420	3644	2466	5969	1589	2805	809	4449	3969	796	1203	17177	6490	538	231	9010	3045	11104
PF3D7_1471000	1810	7188	1969	614	237	354	410	538	1043	1884	141	288	133	1467	182	54	569	987	677	115	250	482	1974	313	256	128	310	385	1203	93	608	115	497	582	204	149	2400	759	133	60	2995	151	651
PF3D7_1429200	42	64	14	12	9	14	8	15	10	23	2	12	3	3	7	6	51	73	24	2	9	1	8	5	8	20	11	3	20	6	19	8	12	1	16	24	217	14	18	2	0	20	2
PF3D7_0800100	87	176	426	25	28	54	97	34	55	58	40	45	10	97	6	12	89	76	36	2	25	116	52	26	41	8	9	71	227	10	116	15	244	62	6	11	670	16	62	5	30	12	4
PF3D7_1416400	87	167	79	34	46	207	6	93	67	93	1	8	83	36	10	51	72	113	169	5	4	14	37	133	2	66	26	3	7	31	19	2	3	50	17	8	15	37	14	1	109	28	68
PF3D7_0516200	16461	47797	6650	8848	4377	3146	3903	8250	9038	14423	3699	5228	1038	10290	1295	416	7596	11799	6969	1400	2472	6798	13353	4488	3973	1483	5393	6180	15485	1453	7042	1623	12871	6148	1520	2474	34786	11054	2912	1293	26272	1694	12796
PF3D7_1029600	38088	72457	16044	11401	7163	6483	4393	21741	18631	38045	3972	4182	1890	32551	2634	432	17480	19803	13824	1300	1592	7394	35186	7510	2354	2493	7487	2462	14050	3840	7471	1558	8035	13751	3172	2250	28183	14627	6781	2176	43134	3465	16430
PF3D7_0517100	357	186	510	139	81	605	35	760	312	204	9	40	178	333	56	124	427	168	722	1	16	27	56	533	64	77	254	55	104	82	84	7	101	100	97	17	441	188	113	17	38	96	59
PF3D7_1125200	855	2072	414	194	71	19	154	65	221	441	70	131	6	195	24	11	129	93	59	33	106	226	492	28	302	6	13	271	671	15	390	42	496	34	35	74	2399	182	15	13	452	35	98
PF3D7_1114800	11	19	8	2	1	9	0	4	8	3	0	6	1	3	4	1	20	22	2	0	5	0	7	1	1	2	2	0	8	2	1	0	1	0	0	0	4	3	5	1	3	1	3
PF3D7_0520800	111	774	264	109	31	37	76	62	57	161	44	120	5	153	45	6	96	92	77	6	117	111	129	5	284	20	12	327	1279	18	606	107	376	19	16	174	2014	48	21	2	84	42	38
PF3D7_0805600	4305	10746	2924	1082	1160	3194	575	2165	2137	3472	498	763	857	3527	486	1274	2130	4820	2666	195	508	1333	3431	1968	552	835	1647	859	2348	474	1048	297	1414	2179	482	411	5264	1919	564	171	5526	994	2290
PF3D7_1320900	417	1814	180	166	32	24	102	65	185	384	47	68	8	161	10	0	96	87	46	7	64	92	389	20	82	5	16	99	425	9	127	24	136	34	5	48	662	88	17	9	509	18	99
PF3D7_1242600	187	1704	157	117	26	17	82	13	92	196	25	71	1	97	18	5	51	11	14	5	112	71	106	5	138	4	5	211	390	3	235	54	288	22	4	89	1230	31	6	4	400	22	18
PF3D7_0313500	738	1687	206	237	61	54	139	54	209	451	64	81	18	344	33	4	144	68	79	15	79	167	654	34	108	25	32	208	567	16	285	47	529	129	25	69	1664	125	15	5	766	39	152
PF3D7_1310700	449	27	297	14	417	1868	6	587	602	286	3	25	123	28	447	866	494	5600	175	5	13	51	39	353	13	100	251	2	333	71	9	5	1	358	35	3	9	42	169	26	12	195	29
PF3D7_1209900	16	32	20	8	7	9	6	15	5	12	5	13	0	0	9	7	32	41	12	0	7	6	4	3	9	10	5	5	27	8	19	7	0	2	4	18	168	5	10	0	1	7	0
PF3D7_1302400	6	16	11	10	1	7	0	9	5	3	1	3	9	6	1	3	17	9	11	0	2	3	7	9	0	3	3	0	4	2	2	1	1	3	2	0	4	4	4	0	5	6	9
PF3D7_1300100	80	399	161	32	22	108	30	129	107	96	28	88	17	181	11	8	36	50	85	0	9	45	96	28	77	1	38	100	169	5	120	25	605	76	18	36	473	42	42	10	113	31	20
PF3D7_1448000	5853	11756	3660	1976	592	1129	710	1868	3016	4300	331	758	531	4097	480	136	2043	2485	2829	277	655	1139	4009	1075	895	517	1302	916	2721	446	1506	357	2123	1705	284	510	6228	1930	357	138	4731	473	2856
PF3D7_0614200	1846	4519	964	623	241	197	264	573	784	1522	107	236	85	1299	134	9	806	796	698	126	155	389	1888	175	238	54	402	242	645	135	373	36	324	593	162	53	1263	834	136	59	2517	177	631
PF3D7_MIT01700	0	1	0	0	0	0	0	0	0	0	0	0	0	0	0	0	1	0	0	0	0	0	0	0	0	0	0	0	0	0	0	0	0	0	0	0	0	0	0	0	0	0	0
PF3D7_1221900	16585	19170	9677	3915	3439	5637	1687	8352	7940	8450	1106	4772	3709	8866	1250	3018	6045	8217	7326	573	3983	2738	9918	9260	6826	5171	6130	7170	12344	2736	3806	1825	6723	3615	760	2608	37450	6081	606	259	7677	5648	11341
PF3D7_0322900	12432	51620	12905	7298	3476	2430	3657	5666	8474	14319	2565	3451	1107	8894	1205	881	5383	9754	5478	942	2092	4970	14222	3638	3132	1234	3063	5929	13581	959	5059	1158	10125	4306	936	1693	30918	7594	1270	685	21006	1269	8482
PF3D7_0934100	2140	4021	1106	1114	324	248	452	574	1098	1473	152	369	25	1617	166	10	603	618	656	142	279	510	1786	101	387	59	238	486	1459	82	820	132	881	430	97	191	2972	639	113	53	1286	141	770
PF3D7_0918100	9563	22412	3059	2562	1377	952	1900	2106	4305	6863	607	679	265	6484	675	16	2705	3337	2412	315	363	1701	11573	601	884	133	951	1623	4657	278	1157	124	1904	1612	328	157	9236	2053	1135	159	10950	521	2764
PF3D7_1018100	28	31	10	6	1	1	1	3	15	19	0	2	0	24	2	0	8	10	6	0	0	3	5	3	1	3	3	1	1	2	1	0	0	4	2	1	5	6	5	1	5	4	2
PF3D7_1019400	7603	42741	5645	2664	1829	1846	1710	3729	4200	8545	1083	1668	446	5172	639	250	2895	4333	2235	489	1418	2198	9944	1594	1968	539	1582	3741	5910	348	2443	537	5094	2191	332	758	19444	3192	516	273	11367	879	4549
PF3D7_1211200	6937	10558	4264	2016	977	1635	633	2953	3433	4594	302	641	1053	5403	549	60	2439	3618	3033	237	486	1163	5149	2094	691	948	1529	781	2448	662	871	235	874	1713	400	352	3825	2592	263	125	4158	922	3796
PF3D7_0518300	573	7551	599	612	166	43	433	145	452	1421	345	496	2	542	114	14	238	364	125	52	352	574	1160	31	601	6	54	1133	2929	42	1435	297	2033	110	54	435	6303	352	69	43	2362	95	121
PF3D7_1023200	1833	7319	1330	624	255	146	390	295	897	1523	136	219	37	999	93	8	512	598	398	57	188	435	1740	110	265	39	105	445	1038	42	643	115	843	338	74	166	3236	456	80	52	1997	86	444
PF3D7_1222300	327	923	288	368	167	126	438	113	200	432	280	1900	8	192	204	63	198	319	174	14	1144	644	295	13	2526	22	31	2406	5228	74	5282	1694	6455	54	34	2579	21823	192	34	40	411	305	79
PF3D7_0518400	10	11	6	3	2	3	3	12	5	6	2	2	4	14	0	0	3	6	9	1	0	3	3	1	1	2	0	0	3	0	0	0	0	6	2	0	5	6	1	0	8	0	5
PF3D7_1009400	1474	2243	1919	711	264	353	242	739	790	1002	211	383	111	893	113	196	626	1122	895	158	131	445	838	308	132	138	365	193	950	186	283	90	380	458	184	110	1090	770	436	88	968	121	748
PF3D7_0630000	4	6	3	3	1	5	0	1	2	0	1	1	1	3	3	6	10	5	0	0	4	2	1	0	0	5	0	0	0	0	0	0	0	0	5	0	1	3	5	0	2	2	0
PF3D7_1320100	13	13	3	6	3	7	1	13	5	4	2	5	3	4	10	0	15	14	5	0	1	3	7	1	1	3	3	0	4	0	0	0	4	0	3	0	4	1	1	0	7	6	3
PF3D7_1100700	0	0	0	0	0	0	0	0	0	0	0	0	0	0	0	0	0	0	0	0	0	0	0	0	0	0	0	0	0	0	0	0	0	0	0	0	1	0	0	0	0	0	0
PF3D7_1302200	61	379	20	36	37	52	15	42	21	108	4	3	14	24	13	26	65	80	41	4	1	12	62	44	3	16	24	5	29	4	4	5	2	60	7	8	26	27	9	0	136	15	14
PF3D7_1221300	34	551	41	12	17	31	18	29	35	22	1	11	0	2	50	11	49	181	9	1	9	23	16	1	3	3	5	13	130	13	15	8	6	0	9	6	127	8	9	0	22	25	1
PF3D7_0616800	20	69	16	10	19	24	18	12	9	12	24	172	0	0	6	4	27	28	35	1	135	52	10	1	199	2	4	156	222	5	179	47	164	1	2	67	896	16	11	2	10	44	3
PF3D7_1429700	165	3950	291	306	101	17	219	109	226	679	112	215	22	429	53	17	123	286	117	42	137	319	1205	50	347	37	42	366	1348	21	578	98	781	104	49	126	2112	269	36	31	1824	71	167
PF3D7_1441700	4	4	9	2	2	2	3	3	1	4	0	0	1	0	0	0	7	4	2	0	1	0	1	0	0	3	0	0	4	0	0	0	0	1	1	0	4	0	3	0	0	2	0
PF3D7_0415300	920	2231	1292	763	295	327	360	693	790	682	155	296	102	800	82	37	419	768	675	145	71	574	718	229	142	83	363	142	401	88	307	59	388	462	107	79	698	773	268	65	757	115	863
PF3D7_0806800	19140	22242	15668	7113	5913	10931	2738	14639	13601	14145	1338	3325	3686	12559	2182	5511	8866	23492	14000	1589	1656	5119	11212	10937	2375	5530	9023	2332	7945	3589	4653	1350	6603	6460	2046	1915	16086	12648	1993	816	9405	3694	13720
PF3D7_1119300	5971	11101	2576	2075	948	692	611	1980	3401	4024	175	278	560	3759	471	143	2423	4231	2680	193	427	820	5252	2065	613	512	1159	589	1857	424	867	190	825	1387	228	267	4389	2040	177	93	5871	626	3033
PF3D7_0222900	2	5	12	1	4	2	11	4	7	1	0	8	1	0	0	0	7	27	1	0	1	0	4	7	1	1	1	5	0	0	1	1	48	0	0	0	1	3	1	0	10	4	1
PF3D7_0105800	26	13	28	6	19	14	4	12	30	8	6	4	0	1	56	13	34	138	12	0	1	4	11	2	2	2	1	1	113	7	2	0	0	1	8	1	6	6	6	0	1	25	0
PF3D7_0526600	233	195	135	43	93	83	14	77	111	80	18	33	1	12	47	13	190	264	96	8	10	30	32	4	40	46	40	126	191	32	600	87	759	12	44	131	559	35	69	8	2	39	2
PF3D7_1423800	5676	13836	4015	2043	804	1194	832	2006	3585	4934	297	384	424	3479	429	245	2072	2645	1853	237	424	997	5721	1110	698	421	879	705	2005	609	1026	249	2194	1511	241	339	8459	1846	251	87	6502	468	2226
PF3D7_0822100	583	1972	338	265	101	68	83	202	350	537	79	106	37	268	60	11	194	305	164	31	79	173	702	67	104	32	62	135	310	37	195	32	281	129	41	65	1017	274	42	21	945	41	244
PF3D7_0924100	158	2948	149	76	21	37	39	44	100	44	13	70	1	39	18	6	59	27	34	7	121	35	41	2	159	5	8	193	247	4	205	36	217	22	14	65	1205	21	10	5	179	29	22
PF3D7_0918400	78	74	150	45	40	67	11	149	30	116	6	21	28	160	16	20	86	78	255	3	6	7	39	55	5	9	57	5	59	41	40	3	11	45	29	9	20	114	31	10	9	24	58
PF3D7_1441000	347	1911	268	146	99	192	95	368	320	445	45	93	93	195	35	62	269	313	196	36	26	148	467	254	110	82	81	148	330	40	207	48	271	166	38	66	951	206	58	29	1065	87	212
PF3D7_1015100	1660	2440	775	335	166	388	160	571	897	708	34	111	212	946	104	68	633	835	629	33	82	142	1146	515	142	103	372	69	273	121	140	34	42	324	49	60	556	406	31	20	1216	235	754
PF3D7_0322400	1919	3886	1024	521	121	106	291	235	921	875	70	114	20	889	68	5	478	217	168	19	275	258	1155	66	321	28	68	215	895	25	414	61	437	72	34	105	1894	194	24	12	1260	104	192
PF3D7_0507500	347	93	170	84	339	1168	9	448	565	223	3	10	25	82	283	383	345	2513	195	6	16	42	69	85	13	53	107	4	231	64	41	5	6	194	24	8	46	153	50	24	15	119	46
PF3D7_0521100	11	22	1	1	1	1	2	5	5	2	0	7	0	0	1	1	13	11	11	3	0	0	2	1	1	4	2	1	1	2	0	0	3	1	2	0	1	9	4	0	2	4	0
PF3D7_1254400	2	6	4	0	0	3	0	2	2	0	0	3	0	5	0	1	2	7	3	0	13	0	7	0	2	0	1	1	0	0	1	0	0	0	1	0	0	1	0	1	0	4	0
PF3D7_1107400	52	37	8	21	18	99	2	377	43	27	20	14	4	32	10	6	177	126	143	2	11	15	17	31	6	20	38	3	27	111	10	5	3	24	26	4	37	90	13	7	16	47	86
PF3D7_0810800	21	1429	33	22	39	50	52	25	15	481	51	79	2	10	12	4	38	30	15	1	600	124	91	9	856	6	4	80	799	5	437	116	1176	2	4	175	5389	66	6	5	89	145	7
PF3D7_0830900	19	12	28	0	103	63	24	17	10	8	61	365	8	4	17	12	36	44	22	0	490	87	5	7	469	4	9	325	127	3	45	46	6	2	4	53	725	8	1	1	2	161	5
PF3D7_1438000	7182	26013	3621	2212	1384	1242	1033	2161	3814	5990	454	662	738	4529	550	181	2460	4110	2408	314	988	1464	6361	1745	1183	572	1206	1703	3593	469	2105	404	2841	1802	348	559	10796	2402	308	189	7152	632	3338
PF3D7_0937200	1805	5089	1305	1447	376	315	192	340	1328	1268	17	84	142	602	113	85	1894	1351	1513	99	84	573	1840	508	21	289	267	54	208	109	176	63	34	422	392	84	1448	534	133	7	2700	95	1853
PF3D7_0832100	7	8	7	4	7	3	3	6	5	3	0	4	0	0	5	2	4	43	0	0	0	0	1	0	1	3	2	1	1	0	0	0	2	0	3	0	1	4	3	0	2	4	0
PF3D7_1471800	5	12	2	5	2	5	2	7	2	8	1	2	1	1	5	0	9	11	3	2	3	0	13	1	0	4	2	0	1	1	1	0	2	2	1	0	11	7	1	1	5	4	2
PF3D7_1454200	2697	7015	1794	708	483	883	306	1372	1698	2166	187	415	767	2217	209	297	1338	1782	1370	112	339	555	2536	1360	489	568	1246	548	1100	380	594	236	655	1045	198	292	3215	1459	183	69	2490	531	1681
PF3D7_1348600	14	35	7	3	8	19	2	33	24	12	1	3	2	2	38	14	35	129	5	0	1	1	4	0	1	2	1	0	67	7	4	1	2	0	3	0	7	2	1	0	0	11	0
PF3D7_1203700	49560	98145	27077	15168	13140	23362	4991	38086	32666	40995	1841	3281	16353	35877	5616	16622	30791	73740	36170	2707	2699	8239	46200	54120	4098	19337	19271	4389	12220	7995	7345	2422	6390	17136	3282	3564	27828	27472	3007	1194	56196	18371	37613
PF3D7_1247300	1763	4433	1690	783	411	446	333	642	866	1521	151	231	92	1437	102	279	605	772	919	73	131	481	1640	279	104	117	328	279	975	113	436	59	332	1146	125	103	2061	574	236	127	2212	224	621
PF3D7_1113100	13251	32735	9151	3966	2783	4488	1542	6774	6935	11210	884	1912	3032	10382	1455	3095	6685	12875	7595	609	1389	2422	11309	8117	1747	3258	5546	2548	5351	1857	3650	667	3942	6244	1070	999	11729	7674	1523	522	14919	2880	7351
PF3D7_0928800	19	31	5	8	2	5	7	3	12	16	1	5	0	0	5	4	31	55	14	2	2	7	9	0	7	11	6	1	3	3	2	4	2	3	7	0	26	6	9	0	4	6	0
PF3D7_0601300	0	0	2	0	0	0	0	0	0	0	0	1	0	0	0	0	0	0	0	0	0	0	0	0	0	0	0	0	0	0	0	0	0	0	0	0	0	0	0	0	0	1	0
PF3D7_1033200	160	444	334	947	552	579	205	656	129	360	849	4118	18	240	340	100	265	401	346	65	2454	934	486	49	3916	28	195	4376	2805	133	2990	1733	241	494	10	2454	19695	659	110	58	1019	800	322
PF3D7_0702500	1523	3003	5228	4909	3344	3431	1252	18279	777	1770	3912	20662	1130	2494	202	475	5018	859	7276	1406	14424	5846	5040	3475	21478	1064	8794	22273	27882	2260	8830	5583	16869	5816	44	7983	118651	15331	924	383	11021	5642	27826
PF3D7_1362200	1790	1922	1261	1254	232	224	382	609	650	918	215	691	37	1189	100	16	683	1068	819	150	231	736	850	109	482	57	322	338	1822	181	1053	232	1459	520	160	351	2569	828	160	78	944	100	1112
PF3D7_MIT00500	45	42	1	30	8	19	0	28	15	20	0	11	2	0	4	10	38	169	44	2	2	0	11	0	2	31	21	0	0	15	5	3	3	5	14	2	2	13	10	1	2	10	0
PF3D7_1113300	71	233	34	27	18	34	12	15	40	40	5	15	13	26	14	1	34	48	24	4	13	40	58	25	14	8	13	17	95	6	46	14	22	23	3	22	190	22	17	1	157	14	9
PF3D7_1138500	15386	14777	9688	4881	3890	8198	2058	10549	12968	9113	517	1248	3561	10203	1701	3599	10089	14275	11959	794	1072	2932	9745	10246	1760	5014	5316	1398	5047	2709	2920	1012	3249	4272	1127	1411	9371	6766	963	354	7868	4267	11887
PF3D7_1421900	11	7	5	2	10	9	1	10	9	7	2	3	1	7	45	4	33	119	3	1	1	2	3	1	3	6	3	1	98	14	5	0	2	0	3	1	11	3	5	0	2	18	0
PF3D7_1421200	7208	40080	4170	2738	1743	1153	1808	2858	4567	8607	924	1741	321	3611	425	185	2395	3284	2023	457	1230	2401	9098	1293	1710	322	901	3641	4505	246	2580	575	4603	1512	317	789	20151	3293	561	313	9930	656	3067
PF3D7_1443800	899	2955	467	337	126	95	177	122	335	759	28	88	18	502	50	8	225	222	132	25	134	165	768	46	193	13	74	241	647	26	227	49	260	107	20	55	1261	218	23	5	987	71	166
PF3D7_0100200	0	29	4	0	1	1	0	0	0	2	0	9	0	0	0	0	8	3	10	0	0	1	0	0	1	1	3	1	4	0	6	0	1	1	1	0	0	1	1	0	1	0	2
PF3D7_0406000	796	3089	512	314	95	85	168	190	313	664	78	183	8	453	66	14	221	334	136	46	146	218	672	35	214	12	85	305	802	25	402	58	446	136	24	110	1833	280	48	14	1145	80	210
PF3D7_1408300	1	6	1	1	1	1	0	0	1	2	0	0	0	2	0	0	0	0	5	0	0	2	0	0	0	1	0	0	2	0	0	1	0	0	1	0	2	0	4	0	1	0	0
PF3D7_0816300	115	1082	58	41	12	1	45	15	70	105	15	15	0	51	10	0	35	17	13	5	8	31	112	0	16	3	0	17	121	5	59	3	12	12	9	9	74	15	8	0	229	6	2
PF3D7_1352200	4359	9278	2234	969	681	1253	405	1710	2191	2857	229	472	663	2770	263	288	1918	2803	1499	128	363	651	3418	1770	483	629	1289	571	1313	347	757	187	1005	1292	138	235	4001	1717	182	89	3726	685	2563
PF3D7_1122100	17	8	27	1	2	10	1	3	6	4	1	5	3	12	4	2	14	6	7	0	1	1	6	4	0	5	4	3	3	1	1	0	1	1	7	2	9	4	4	0	1	6	0
PF3D7_1320200	111	51	201	70	28	140	9	178	96	108	6	30	43	52	40	37	152	102	240	2	5	35	32	115	9	33	41	3	50	61	27	7	3	48	35	20	54	77	54	17	9	26	40
PF3D7_0508200	17	11	3	1	10	5	1	8	3	10	4	3	0	0	10	1	26	32	12	0	2	7	6	0	5	6	1	1	19	1	10	7	3	1	5	8	97	9	5	2	0	5	0
PF3D7_1121600	36408	93874	21993	7132	9814	18620	4678	27122	19520	30623	2873	6423	7313	28792	3943	23240	16054	27874	16443	1278	3097	8366	28241	29176	5637	14757	11972	8770	15673	5580	8050	2958	9228	10809	2650	4252	56987	12564	6188	1119	50797	13767	18959
PF3D7_1231400	137	615	124	96	67	81	46	128	122	162	21	23	17	64	107	112	125	533	79	16	12	76	226	13	32	18	44	19	208	35	84	7	35	62	15	15	112	122	34	13	49	55	116
PF3D7_1216500	15	5	13	1	2	18	5	9	1	30	19	0	0	1	18	28	5	27	7	0	36	1	71	0	2	3	2	2	14	2	1	1	0	0	4	1	1	2	2	0	1	1	1
PF3D7_0532100	60642	110600	38982	23124	17288	15582	13482	25134	30181	70799	11177	26089	2086	50081	4959	5177	17026	27187	28790	3749	12281	19872	44946	8436	18564	2841	8491	17830	44298	4692	10643	3168	24118	20714	7507	4798	80240	21892	10024	3581	38659	5944	17193
PF3D7_1412500	965	1507	650	890	259	227	333	379	362	566	420	1318	25	483	78	21	299	273	248	62	970	647	423	136	1394	23	101	1349	3673	152	2606	682	2317	281	35	1005	10100	388	51	68	592	225	299
PF3D7_1322000	28	14	29	4	14	58	3	18	22	13	8	4	2	6	35	8	26	115	60	2	0	8	4	2	0	7	12	0	56	9	10	1	0	11	8	1	0	10	12	0	1	16	2
PF3D7_1002900	158	2197	252	175	36	81	98	247	96	310	67	25	69	365	40	10	42	82	53	31	21	119	531	148	53	52	14	93	302	8	117	34	125	262	51	52	573	229	88	29	454	61	364
PF3D7_1001200	5	42	8	2	0	14	5	12	3	5	6	23	4	13	4	1	15	16	5	0	21	17	1	3	31	0	10	65	27	0	59	2	67	7	0	5	189	1	5	0	6	14	0
PF3D7_1308100	5	4	1	2	2	4	1	6	4	3	2	1	0	1	7	1	6	20	5	0	4	4	0	0	2	2	3	2	4	1	4	4	2	1	3	2	35	0	2	2	2	0	1
PF3D7_0806300	99	88	69	37	30	26	5	60	44	33	5	27	4	39	43	15	111	335	64	12	0	10	26	19	3	21	27	1	54	33	13	2	9	22	30	1	8	24	41	2	7	29	5
PF3D7_1249300	3506	7506	2243	1162	682	548	731	909	1816	3312	187	346	123	1946	198	27	943	1426	909	89	345	691	3044	382	503	61	298	525	1486	131	723	129	938	603	132	225	3489	830	81	41	2384	259	898
PF3D7_1027000	37	48	85	15	11	47	5	33	22	46	6	13	11	38	7	13	47	32	64	4	0	3	24	24	12	12	23	8	13	8	8	0	35	9	10	1	75	19	17	4	9	16	3
PF3D7_0816000	5039	9363	3752	1673	880	988	775	1986	2759	3857	308	589	710	3802	530	410	2236	3784	2458	274	460	1138	5640	1613	672	625	1180	710	2124	413	1427	222	1144	1197	263	343	3189	2174	328	139	7752	657	2818
PF3D7_0318700	47	80	26	3	23	63	0	31	40	31	0	1	18	30	17	28	39	218	33	2	0	12	15	40	0	16	28	1	16	5	9	3	1	31	2	2	2	13	18	2	18	23	10
PF3D7_0910600	44	573	91	46	40	11	26	49	61	84	27	51	4	39	18	19	31	148	35	7	32	66	193	17	68	4	12	69	184	17	106	21	74	43	7	19	351	55	11	3	235	21	40
PF3D7_0104500	494	2195	343	230	42	43	193	79	260	490	42	57	8	267	36	2	142	78	67	13	65	176	759	14	133	15	16	148	379	11	194	36	213	50	13	39	952	105	16	4	999	32	165
PF3D7_1249600	13	420	26	39	7	10	18	11	13	64	6	5	1	12	14	6	15	38	13	8	3	14	99	0	16	3	6	6	27	5	20	10	37	8	5	26	115	12	4	1	86	8	2
PF3D7_0727800	1313	8003	1189	861	199	72	797	182	831	1616	303	1117	33	2114	299	24	312	852	233	74	654	786	1868	55	1062	34	41	973	3734	48	1922	381	2622	180	126	544	8171	571	134	49	2351	192	454
PF3D7_0504700	34	75	8	27	6	11	5	32	20	21	1	24	1	4	3	9	52	89	33	5	2	2	18	6	20	21	13	5	4	5	15	4	13	1	20	5	45	25	34	2	8	20	0
PF3D7_0402200	257	276	542	2667	1238	2299	180	9222	955	381	57	46	364	790	207	190	1224	1338	6440	518	28	1189	976	1165	68	3221	5561	3	144	2594	71	854	15	2850	100	1362	137	7720	592	72	1038	4576	23803
PF3D7_0305200	3578	5864	1957	909	351	581	459	706	1277	2131	93	177	276	2272	317	105	1120	1154	1204	107	404	479	3399	602	591	145	566	552	1365	173	726	127	718	421	95	175	3085	780	57	27	2339	319	1087
PF3D7_0607100	9	202	20	7	2	5	345	23	9	31	0	4	5	11	0	6	16	8	15	0	1	9	10	8	0	4	7	0	1	2	2	0	1	3	2	1	8	7	4	0	30	5	3
PF3D7_1338100	803	12190	834	1260	274	86	647	125	342	1731	369	548	8	706	220	32	212	492	124	84	525	695	2350	51	1202	13	28	1154	4422	61	1748	364	3206	68	71	584	7448	568	61	41	3416	132	333
PF3D7_0502800	395	1232	169	115	29	48	54	123	257	333	22	41	20	224	13	0	173	111	107	10	12	85	406	24	38	9	50	37	111	12	90	15	65	104	7	17	279	121	20	13	486	28	116
PF3D7_0705900	99	321	85	59	75	51	28	181	115	128	36	34	45	60	27	78	146	489	94	15	13	61	232	155	66	130	49	48	134	109	120	26	113	69	29	48	504	114	36	18	268	98	158
PF3D7_1407200	586	1135	187	154	81	252	78	194	201	347	30	119	53	330	36	37	194	317	128	9	102	65	408	99	207	34	114	174	288	20	128	29	120	101	18	40	814	124	16	10	388	70	223
PF3D7_0524900	1736	2956	1709	802	329	466	326	805	1179	1772	107	257	177	1530	133	84	1344	1210	1095	101	250	413	1414	517	414	96	269	418	1353	108	564	96	713	542	124	148	2309	722	130	44	1517	243	1052
PF3D7_1216400	4252	10084	2614	1917	1306	860	790	2546	2876	5550	383	472	762	3641	527	644	1986	4145	2795	230	326	1181	4928	2352	524	799	1460	773	2792	555	945	245	1677	1694	461	405	4567	2585	517	163	4378	733	2768
PF3D7_1132400	25	47	25	13	13	16	21	15	26	15	11	48	0	5	28	5	26	47	19	0	42	29	12	0	99	6	8	53	153	7	284	79	165	3	7	137	1518	7	5	0	10	19	0
PF3D7_0308700	59	17	402	7	44	223	9	116	97	63	3	10	3	23	76	42	54	353	20	6	3	5	11	2	2	7	17	3	124	22	7	1	1	14	11	3	5	1	40	1	3	29	1
PF3D7_1241200	4647	5691	1968	1221	417	784	405	1307	1755	2156	167	454	246	2860	216	49	1190	1134	1038	134	588	564	2412	471	724	160	747	654	1943	251	1079	211	1050	728	127	301	4366	996	120	60	2171	299	1694
PF3D7_0611100	4	5	5	3	2	3	0	2	0	3	1	2	0	0	1	0	8	9	1	0	0	1	3	0	0	4	0	0	10	0	1	1	0	0	5	0	2	0	1	0	0	1	0
PF3D7_1332000	662	1505	582	453	256	207	228	492	529	813	171	399	53	462	87	47	290	640	302	99	153	353	684	154	249	61	134	273	881	100	469	107	756	261	90	163	2237	405	177	70	1039	80	536
PF3D7_1124400	829	2012	205	217	185	257	143	365	354	644	69	71	109	640	62	14	319	514	345	42	65	157	578	208	101	73	187	80	300	67	132	28	139	314	49	44	486	327	64	28	739	95	449
PF3D7_0531200	3	5	10	1	1	7	0	1	1	2	0	1	0	1	4	1	11	14	3	0	1	1	32	0	21	3	2	1	9	0	6	3	1	0	4	3	39	3	5	0	0	6	0
PF3D7_0928000	5	270	9	9	11	3	19	5	10	20	11	23	3	5	16	3	3	17	2	0	12	11	28	1	24	2	1	57	96	0	41	11	93	1	2	16	525	11	2	0	18	4	4
PF3D7_0804300	810	1043	526	206	161	594	120	619	699	523	26	55	297	525	88	245	461	634	559	43	126	204	462	593	48	180	243	52	182	114	96	26	136	176	53	40	379	351	129	18	373	250	598
PF3D7_0617300	5	2	2	1	1	3	0	5	3	3	0	0	0	3	10	0	9	19	2	0	0	1	0	0	0	0	0	0	13	4	4	0	0	0	0	1	32	0	5	0	0	6	1
PF3D7_0526800	1401	8001	749	635	178	43	405	150	777	1102	171	361	14	712	79	14	360	192	98	28	391	396	1273	34	698	22	67	1279	2051	12	853	169	1463	185	39	247	6030	293	46	25	1773	95	204
PF3D7_1445600	7467	13621	6372	2543	2285	3759	929	5757	6187	6567	444	1140	2373	5848	1077	2976	4826	9428	7805	493	718	1827	7299	5605	1211	2717	3660	970	3083	1686	1750	563	1976	2824	847	784	7247	5389	898	332	7355	1980	7095
PF3D7_0424700	1686	532	11240	1200	862	2970	554	1521	1376	598	682	2287	264	940	156	454	1652	885	2369	47	3002	1097	291	699	2466	283	696	2550	6491	245	2078	992	4365	415	69	1510	13707	704	134	85	359	687	867
PF3D7_1131000	14	14	2	4	8	3	0	5	4	8	3	4	0	1	1	0	8	22	5	2	4	4	4	0	16	2	5	7	13	2	6	8	3	1	1	23	70	0	4	0	0	4	0
PF3D7_0632700	6	5	11	0	1	8	0	3	4	3	4	7	0	0	0	0	3	3	2	1	0	0	7	1	9	1	5	1	1	1	2	0	1	0	0	0	3	2	1	1	0	5	0
PF3D7_1461800	165	112	112	114	60	80	14	273	137	214	9	25	35	52	56	33	152	95	399	22	20	39	119	70	13	52	84	8	78	49	75	7	8	130	26	21	129	282	45	6	33	27	406
PF3D7_1208800	6125	11166	4839	1597	1174	2282	614	3674	3483	4648	336	575	1536	5162	767	1265	2812	4722	3464	297	437	1112	5964	3658	611	1637	2249	692	2432	979	1424	330	1234	2234	425	522	4887	2976	391	154	5795	1489	3915
PF3D7_1442200	93	90	55	12	97	75	10	51	47	66	4	13	38	142	12	26	97	71	86	3	3	10	24	84	6	34	55	2	19	9	7	1	7	32	19	2	19	44	16	2	14	26	25
PF3D7_1349400	943	5404	660	387	144	92	200	324	611	1158	88	140	39	511	65	5	438	488	356	49	112	280	1699	84	176	36	136	190	358	47	238	26	408	207	46	48	959	396	43	29	2318	67	463
PF3D7_1039900	112	113	46	14	11	14	2	50	41	24	2	3	6	97	9	11	34	62	24	2	4	17	113	15	7	14	32	6	34	9	14	2	15	11	9	2	66	40	2	2	73	9	33
PF3D7_1018600	4429	11671	3062	2186	1425	1443	1182	3308	3846	3875	483	617	865	3806	644	855	3478	5566	3684	488	384	1687	5362	2370	688	1190	1310	464	2097	811	884	218	1304	1651	449	330	3075	3175	387	102	3313	941	3693
PF3D7_0111700	1	2	1	0	1	1	1	0	0	1	4	10	0	1	0	1	2	0	0	0	11	1	0	0	6	0	0	12	12	0	12	7	8	0	0	7	72	1	1	0	1	1	0
PF3D7_API06700	158	292	133	14	35	129	15	180	21	120	4	13	94	114	3	49	97	130	60	12	12	29	95	103	5	40	26	2	16	16	8	1	5	33	6	7	72	64	18	5	95	25	99
PF3D7_0727900	9256	18629	5738	2502	1447	3131	1088	4614	5565	6261	540	1101	1227	7220	865	539	3825	5224	4304	416	600	1674	7933	2546	1209	893	1940	1125	4438	892	2039	382	2764	2571	717	579	7255	3595	438	274	7574	1071	4248
PF3D7_1002700	304	1102	307	101	20	38	103	25	108	121	25	69	5	119	37	12	93	118	40	5	83	79	164	12	166	12	13	124	932	11	275	54	461	23	14	85	1476	67	18	2	413	20	54
PF3D7_1124600	299	980	109	88	147	460	297	237	257	239	108	50	25	78	237	217	403	1399	66	17	19	180	211	73	114	39	86	63	969	61	256	53	1353	173	34	76	894	92	80	28	506	111	15
PF3D7_0701900	14398	9890	9298	5373	2604	12217	805	5262	14596	7091	106	244	3563	5106	1879	20864	21371	15937	11495	221	841	1530	4844	10815	355	4916	2411	113	1179	4029	409	382	13	3433	1073	571	247	4245	598	161	3734	8738	9086
PF3D7_1424700	13	58	4	5	1	0	2	1	0	14	0	2	1	12	1	1	3	1	3	0	2	3	23	1	1	0	0	2	4	0	3	2	2	10	2	1	40	2	0	0	11	0	5
PF3D7_0903700	61	35	12	11	80	63	6	81	41	140	39	13	0	0	206	38	84	366	16	0	44	53	188	10	31	12	9	15	416	36	70	5	29	2	10	15	117	6	7	2	34	40	0
PF3D7_0417600	33	329	16	18	5	8	11	12	21	29	0	21	1	5	6	2	48	98	26	0	5	5	28	0	0	14	6	2	14	5	5	0	7	0	19	3	1	18	19	1	25	17	0
PF3D7_1418100	40	50	31	15	4	15	3	22	19	15	0	20	1	1	15	8	60	69	21	1	0	1	12	2	0	19	11	1	7	5	6	2	5	3	15	4	3	11	20	4	3	12	0
PF3D7_0628100	564	346	566	172	753	616	40	1067	1638	340	23	138	36	70	2166	663	1100	7049	1160	23	49	145	89	103	44	153	154	14	2459	296	124	21	51	117	113	31	71	214	206	28	14	582	269
PF3D7_1309300	5469	10629	3120	1746	868	1417	777	2157	2857	3790	172	416	269	3905	344	381	2034	3881	2937	212	424	964	4388	716	618	707	1548	662	1542	412	808	190	960	1468	210	266	4101	1776	192	70	5242	775	3132
PF3D7_0900700	14	30	7	0	2	19	1	6	9	1	0	9	0	2	1	0	17	2	11	0	8	4	0	3	0	13	0	4	0	0	2	0	0	0	1	0	0	0	0	0	0	6	3
PF3D7_0710400	100	922	82	56	20	7	67	30	104	122	25	137	5	64	11	4	42	12	12	5	73	118	114	0	150	0	3	93	332	3	150	22	230	33	7	24	747	53	2	11	347	16	24
PF3D7_1474400	85	323	42	85	14	21	44	32	45	129	11	19	3	21	9	15	78	90	49	12	16	24	58	6	4	17	6	2	114	8	45	1	11	17	9	1	31	51	22	0	47	19	7
PF3D7_1451200	20847	24357	32718	11573	8084	27125	4623	27618	29406	13446	1086	2028	5474	17787	2821	12947	18184	36199	33798	1506	1468	7498	10534	17445	1599	8524	10136	1525	5401	5193	2089	1144	5194	8627	2961	1679	5572	12500	3743	781	7653	8302	21508
PF3D7_1455200	8	33	14	3	2	10	2	5	9	8	2	3	0	9	4	3	6	11	12	1	2	4	2	1	1	5	1	0	4	0	7	1	0	1	3	1	11	5	10	0	9	2	0
PF3D7_1139500	5	49	26	3	1	6	0	5	5	7	0	2	0	0	0	5	18	19	4	0	0	0	2	0	0	4	5	0	0	1	1	0	2	1	6	0	0	6	6	1	1	5	0
PF3D7_0703300	14	396	14	19	6	4	16	5	12	63	17	38	1	12	4	1	11	20	8	1	43	16	22	0	57	4	1	71	132	2	96	23	65	8	0	30	488	17	0	1	44	20	12
PF3D7_1411500	3246	4525	1372	672	289	816	238	927	1313	1302	57	165	371	1860	166	158	1293	1131	903	65	271	275	2144	861	319	236	618	330	862	199	549	87	443	481	73	155	1950	694	68	31	2151	333	1355
PF3D7_1232500	74	37	43	10	170	120	4	75	106	30	2	7	8	1	139	138	125	803	27	0	3	11	9	4	2	12	27	2	207	42	4	3	2	15	9	2	12	9	13	3	1	52	4
PF3D7_0214600	146	63	82	12	102	415	8	146	146	54	3	27	11	5	81	211	155	737	58	5	2	21	15	22	3	36	26	0	57	24	5	1	8	65	30	0	2	19	49	8	7	82	7
PF3D7_1217400	112	98	119	24	47	115	15	160	106	84	4	10	16	85	52	26	77	244	186	3	6	18	26	28	2	22	31	0	96	16	57	7	11	33	15	15	150	45	17	3	26	38	72
PF3D7_1213500	5	12	10	2	1	38	1	15	3	5	2	2	5	1	0	2	21	13	9	2	3	1	0	3	1	2	4	0	3	3	2	1	1	1	6	0	1	3	10	0	0	8	0
PF3D7_1229900	28	947	67	78	27	13	58	21	57	139	30	35	3	44	16	2	34	93	22	14	21	59	324	6	52	3	6	33	139	8	88	26	23	16	10	22	387	70	18	2	311	12	73
PF3D7_0913400	12	87	5	6	4	5	1	9	4	9	1	2	0	2	9	1	14	17	8	0	3	9	11	0	12	5	1	3	25	1	44	9	23	4	3	9	147	7	3	0	6	4	7
PF3D7_0527800	0	2	0	0	0	3	0	0	0	1	0	0	0	0	0	0	0	0	0	0	0	0	0	0	0	0	0	0	0	0	0	0	0	0	0	0	0	0	0	0	0	0	1
PF3D7_0107900	20	74	21	8	3	6	4	3	3	7	6	21	0	0	0	0	3	14	13	0	49	13	5	0	42	6	0	62	51	1	94	18	46	1	2	33	307	6	0	1	10	7	0
PF3D7_1439200	609	2271	418	354	88	103	169	193	486	980	62	83	19	453	61	3	307	226	323	36	81	188	658	60	128	17	55	134	487	39	246	35	252	182	50	51	820	245	39	16	700	53	259
PF3D7_0934300	3	2	5	2	2	1	0	1	1	3	0	1	0	1	2	0	0	7	1	1	0	1	2	0	0	1	0	0	2	0	2	0	1	0	0	0	13	0	1	0	0	2	1
PF3D7_1470950	13	57	19	30	12	14	4	5	13	60	5	5	0	16	9	6	14	17	26	3	4	11	28	6	3	7	6	2	18	5	5	0	4	12	0	2	29	28	9	3	9	6	8
PF3D7_0203200	798	3128	396	306	105	117	130	205	394	701	45	72	47	509	51	9	272	241	221	31	87	138	823	99	88	25	76	158	420	31	156	30	179	188	31	31	814	197	31	14	1112	61	354
PF3D7_1109700	13	31	2	1	1	4	2	8	5	8	0	2	9	12	0	3	8	3	8	2	1	4	15	2	4	4	7	1	3	2	1	0	4	3	0	0	31	6	2	1	12	4	4
PF3D7_0616100	70	710	46	48	8	6	57	19	53	181	9	14	1	43	6	0	32	38	16	3	22	23	244	4	49	2	16	60	122	3	37	12	52	2	0	15	322	33	7	0	194	11	13
PF3D7_0805000	12	9	5	2	4	20	0	8	2	5	3	6	5	1	10	2	11	20	1	2	2	1	6	2	1	4	1	0	13	3	2	0	0	2	0	0	4	2	3	0	5	6	1
PF3D7_1465200	1449	5651	630	489	176	240	267	439	834	1550	136	164	50	843	82	4	447	556	376	60	124	355	1503	110	192	39	203	238	574	64	246	48	388	256	53	85	1464	433	77	38	1597	81	423
PF3D7_1027100	3772	5528	1908	772	437	1063	333	1024	1777	1778	56	122	806	1801	221	367	1691	1655	1436	74	277	360	3153	2058	460	539	649	443	1009	219	393	111	404	476	66	168	2671	690	79	13	2325	796	1508
PF3D7_0514900	781	1912	488	182	116	234	105	339	415	563	51	127	77	455	54	7	348	343	308	21	77	197	770	123	110	46	226	108	311	68	176	43	207	247	57	56	786	363	103	29	827	74	394
PF3D7_1408700	37115	55069	23318	14050	5815	5379	6203	12029	23326	33837	2088	3201	2745	30771	3733	801	11968	15129	14972	1523	2307	8345	24309	6792	4022	3260	6202	4065	17257	2814	9424	1837	11872	8970	1753	2631	27065	12757	1154	729	18028	3125	17934
PF3D7_1142500	2694	4958	1138	1403	737	497	825	1450	1634	1917	573	1213	327	2205	250	66	1502	2597	1633	337	559	1447	2740	933	1076	403	1114	1078	2245	323	1428	353	2851	1211	273	472	8262	1878	595	205	2831	392	2595
PF3D7_1121800	152	605	99	70	28	8	24	31	85	82	6	23	4	94	8	7	70	53	42	9	1	33	93	2	5	11	13	2	38	8	14	1	4	10	17	1	17	25	23	2	37	11	3
PF3D7_1245000	2	57	10	1	3	6	2	3	2	8	0	0	0	2	6	0	10	6	0	0	1	4	14	1	1	0	1	1	11	2	18	18	1	2	2	13	125	4	4	0	19	1	1
PF3D7_1203600	66	409	58	37	11	7	21	39	41	110	10	6	10	28	14	3	26	49	23	7	4	34	113	21	11	5	10	6	43	6	17	2	8	16	5	7	57	24	4	1	79	6	27
PF3D7_1135900	152	2423	83	132	28	15	78	45	87	361	66	65	2	133	52	4	87	204	23	16	51	123	378	2	128	3	11	173	558	10	381	68	431	22	13	107	1613	98	16	9	984	26	49
PF3D7_0609500	15	154	13	18	1	3	8	3	1	14	7	12	0	8	0	4	17	19	6	1	3	6	6	0	11	2	1	4	42	3	30	3	13	1	3	3	33	7	9	0	35	11	2
PF3D7_0415700	2	0	5	0	1	7	0	5	4	2	1	0	0	0	9	7	10	64	0	0	2	0	0	1	0	3	3	1	7	2	0	0	2	1	0	0	0	2	0	0	2	4	0
PF3D7_0105000	655	1597	237	149	153	403	88	250	292	427	55	143	195	484	65	64	295	444	358	21	85	162	452	429	110	185	210	226	429	70	196	38	375	351	34	73	1216	237	104	33	935	201	341
PF3D7_1316800	2396	4734	1264	606	244	316	284	451	1129	1308	90	159	30	925	78	16	789	593	346	55	244	385	1079	120	220	28	206	278	881	38	457	79	506	213	35	121	2616	387	56	19	1501	172	713
PF3D7_0928400	74	69	9	18	5	5	9	12	28	15	0	6	3	31	3	1	40	21	8	3	1	6	38	1	14	3	10	5	14	6	9	4	14	2	2	4	54	8	5	1	57	6	12
PF3D7_0717500	393	689	334	203	145	193	77	267	299	205	58	64	13	332	221	80	238	1078	134	14	76	51	193	19	135	5	45	141	576	34	284	35	350	32	20	53	798	105	27	4	161	114	97
PF3D7_1369300	29	72	12	10	6	9	6	10	19	26	2	4	0	18	4	2	18	16	6	1	3	4	31	1	3	6	4	2	9	3	9	0	19	5	5	0	53	6	9	1	30	4	15
PF3D7_MIT03100	13	6	0	8	1	3	0	2	2	2	0	3	0	2	1	1	16	30	14	1	0	0	0	0	0	4	5	0	1	3	1	0	1	1	1	2	2	2	0	2	0	1	0
PF3D7_1031900	14	31	5	6	2	7	2	11	5	19	1	3	1	4	5	2	13	22	16	3	0	4	4	4	0	8	1	0	1	1	1	2	2	2	6	2	17	7	10	0	6	8	0
PF3D7_0529200	18	11	15	5	6	7	0	5	10	6	2	5	2	6	5	3	11	12	17	0	0	4	6	4	3	6	4	0	13	1	10	2	0	3	6	1	6	5	6	2	3	4	0
PF3D7_1405100	118	1738	128	162	58	27	130	54	78	340	38	118	5	110	38	8	58	158	37	27	122	163	643	7	179	11	14	214	472	21	308	62	405	34	19	87	1323	124	13	5	657	36	100
PF3D7_1134700	15011	18056	8922	4873	3732	6800	1808	8895	9405	10937	1176	2789	1819	10509	1303	1023	6819	10619	8685	923	1506	3551	8213	5399	2123	2467	5514	2087	5398	1990	3950	960	4508	6364	1212	1403	13163	8301	1349	613	6327	1761	11003
PF3D7_1442100	4	88	7	1	4	3	14	7	2	3	2	5	0	3	15	2	8	19	3	1	16	11	3	9	61	1	2	142	120	0	185	18	258	0	0	17	554	4	2	0	28	8	0
PF3D7_1350000	54	38	38	17	2	19	3	15	39	25	1	5	7	45	6	3	28	23	36	0	2	4	9	5	2	5	10	6	19	2	6	2	11	30	1	2	30	18	5	0	6	7	3
PF3D7_1142700	2131	9258	2078	811	348	236	404	514	1535	2619	321	327	122	1588	192	37	630	1099	734	212	327	739	3512	246	454	89	286	473	1424	97	789	159	1547	416	139	215	4098	967	171	97	4800	197	831
PF3D7_1111600	27	24	29	12	7	11	2	12	7	13	1	11	0	16	3	4	27	32	37	5	3	1	9	0	3	8	9	0	13	4	5	0	4	1	7	1	8	8	6	0	4	8	3
PF3D7_1012800	41	58	8	5	5	38	4	37	28	17	7	7	15	30	0	5	34	21	10	1	3	7	39	12	5	10	13	1	5	9	7	0	7	6	2	4	39	15	3	3	47	10	6
PF3D7_0409500	11	11	4	8	1	4	1	6	5	7	6	2	1	0	10	3	11	37	4	0	4	2	4	0	1	2	1	1	39	6	4	2	1	0	4	2	8	1	4	1	1	6	0
PF3D7_0218500	2740	5986	1110	1052	363	735	335	1566	1183	1877	224	323	549	1856	214	221	1016	1905	1171	164	237	509	1937	1225	313	303	823	353	751	510	426	88	495	1221	214	117	2140	1217	431	111	2403	397	1473
PF3D7_0720900	54	114	38	36	4	17	6	35	19	25	4	4	6	69	10	7	28	52	18	0	8	5	56	12	6	5	10	2	12	6	5	0	10	9	4	3	26	15	5	0	22	5	8
PF3D7_1308200	37120	55478	16713	11417	7050	11198	4870	15263	20783	22352	2273	4550	6194	25622	3218	2457	14062	20150	18242	1852	3611	7819	25410	15897	5371	5901	10930	5606	18912	4260	9113	2460	14991	9029	2433	3463	35052	16357	1645	918	20501	5750	21294
PF3D7_1302000	20485	42427	19682	9328	5162	6310	2946	22954	12192	17870	1862	3681	4430	12494	1584	2400	12404	16379	13345	1923	1750	5322	14735	11355	2947	4869	9579	3161	9730	2912	3143	1048	6158	9621	1673	1548	21081	13474	2162	936	20936	5152	24525
PF3D7_0222200	64	12	4	1	2	2	1	16	12	7	3	4	48	5	0	5	13	10	6	1	0	3	13	0	1	6	4	0	1	2	4	0	3	17	2	0	4	1	7	0	13	6	4
PF3D7_1241800	8286	12177	4883	2742	1494	2477	940	3763	4486	4489	323	879	1316	6645	738	476	3759	4863	4407	295	812	1334	6194	4112	1128	1160	2372	1050	2585	800	1542	335	1260	1953	346	497	5865	2888	295	114	4475	1096	4698
PF3D7_1032600	10	53	8	3	0	2	8	4	2	4	6	14	0	2	1	0	5	6	2	1	12	10	12	1	5	2	2	13	62	2	39	7	44	0	4	12	149	2	1	1	7	3	0
PF3D7_1025600	2	0	1	0	0	2	1	0	1	1	0	0	0	0	2	0	0	5	0	0	1	0	0	0	0	0	0	0	7	1	0	0	0	0	0	0	2	1	0	0	0	1	0
PF3D7_1219700	11	19	5	4	8	7	2	8	5	4	0	5	1	1	2	3	10	33	10	0	0	0	5	1	0	3	2	0	6	3	9	2	0	1	2	0	7	1	3	2	0	3	1
PF3D7_0531500	4	73	0	3	0	0	0	0	2	4	1	4	0	4	0	0	2	1	0	0	4	8	3	0	2	0	0	8	5	0	4	2	5	0	0	1	100	5	0	0	32	0	1
PF3D7_1039000	3815	2124	2404	1285	521	1184	571	1238	1461	858	407	1075	85	2447	108	69	1258	429	939	99	2121	882	1035	306	2360	96	852	1910	4132	200	1777	554	3285	110	52	740	13098	886	78	76	1008	703	1904
PF3D7_1364400	8496	11856	4069	3032	1254	1145	1178	2859	4987	5920	326	940	938	5897	649	393	2380	3086	3366	288	825	1402	5652	2371	1480	790	2214	1303	2980	574	1732	422	1792	1826	268	639	7102	3330	249	107	4424	1012	4646
PF3D7_0323700	3390	4918	2400	941	500	1232	298	1234	2050	1713	73	173	541	2085	226	271	1502	1834	1420	108	305	344	2536	1678	367	446	646	360	899	279	393	112	471	382	102	172	2053	771	64	32	1869	587	1204
PF3D7_1337600	0	0	0	0	0	0	0	0	0	0	0	0	0	0	0	0	0	0	0	0	0	0	0	0	0	0	0	0	0	0	0	0	0	0	0	0	0	0	0	0	0	0	0
PF3D7_0208600	26	227	8	17	6	11	10	6	7	18	0	10	2	1	16	4	23	53	9	1	14	3	21	2	32	9	5	15	72	5	64	4	14	0	7	8	62	11	13	1	19	12	1
PF3D7_1027600	283	1470	13	11	7	7	9	5	12	72	11	6	1	13	5	0	14	4	6	4	22	35	31	2	20	3	4	7	90	1	33	3	62	3	7	3	88	10	10	0	75	3	0
PF3D7_0928150	7	12	2	1	0	2	3	3	1	1	1	1	1	4	2	0	8	5	1	2	0	0	9	0	0	1	1	0	0	1	0	0	0	0	4	0	2	0	1	0	2	1	3
PF3D7_0713100	0	2	0	1	0	1	1	0	0	0	0	3	0	0	0	0	0	2	2	0	4	0	0	0	0	2	0	1	2	0	0	0	0	0	0	0	0	0	0	0	0	0	0
PF3D7_0908000	35	216	49	24	28	38	31	26	49	30	65	143	1	4	56	27	70	141	20	3	203	73	47	4	289	7	5	174	377	24	385	127	870	4	8	185	1661	30	4	6	246	45	4
PF3D7_1203900	4790	10999	3752	2257	1743	2410	840	4337	3685	5831	1021	1288	1480	3983	968	3721	3740	9786	5372	522	546	2174	5505	5063	750	2739	2334	1243	3613	1506	1170	533	1754	3116	1119	709	6286	4707	1877	466	6626	2133	5413
PF3D7_0618800	4	29	5	5	0	2	2	2	1	6	1	2	0	3	3	0	5	11	1	0	1	3	10	0	2	0	0	0	12	4	2	1	2	0	1	2	9	0	1	0	4	1	0
PF3D7_1254600	2	1	1	2	2	2	1	2	3	5	0	5	0	0	0	2	9	2	2	0	1	0	3	0	0	1	2	0	0	0	0	0	0	0	1	0	0	0	4	0	0	2	0
PF3D7_0210900	12212	36800	12827	3653	2689	4125	1719	7295	9237	14927	785	1308	2467	8137	1340	4128	5649	12694	7481	645	1076	2671	12486	7680	1408	3350	3525	1947	4296	1475	1962	575	2758	4369	1056	881	13594	6263	834	345	14050	2590	8164
PF3D7_1224400	2572	6754	1880	732	447	1063	274	1388	1435	2004	141	292	660	1850	208	254	1179	1559	1300	129	270	496	2139	1315	370	477	874	417	1011	282	552	135	536	938	168	195	2526	1089	136	68	2429	506	1428
PF3D7_1369700	814	2400	493	210	170	319	87	378	438	771	71	142	170	641	56	55	376	469	358	39	61	203	850	265	63	156	231	142	341	86	202	49	284	468	61	104	892	409	125	43	812	177	469
PF3D7_0306200	286	3390	153	225	62	19	168	78	177	387	47	110	23	165	28	18	110	147	161	19	118	127	506	85	232	34	46	239	759	13	399	84	533	70	10	104	2309	179	17	6	902	47	131
PF3D7_1239500	24	40	27	7	6	10	5	18	16	18	0	13	1	2	9	5	32	89	17	5	7	8	6	3	13	3	5	6	57	9	29	8	12	1	10	19	84	13	7	4	0	17	1
PF3D7_1478800	1200	3276	1182	380	393	283	144	869	475	1191	97	138	355	808	105	1230	664	2024	744	87	72	258	505	813	31	612	375	98	651	25	177	75	102	489	152	79	648	528	196	55	1517	361	1178
PF3D7_1427500	12	40	14	2	8	9	2	5	6	6	4	6	0	3	10	2	22	37	8	1	2	9	3	1	10	5	5	8	50	2	18	3	34	2	3	7	88	10	3	1	9	9	1
PF3D7_0627100	26224	44754	19799	8897	6391	13648	3117	12989	19762	23257	1233	2382	8175	18718	3019	11609	13821	26452	18655	1408	2006	4193	23819	23081	2683	8455	10437	2636	9556	4467	4203	1344	5055	9175	2163	1988	17492	12136	1901	701	12435	7318	14513
PF3D7_1009300	918	1799	491	296	157	226	127	439	443	760	58	97	73	572	76	30	343	437	510	47	65	164	578	179	57	82	142	70	392	94	174	34	127	272	62	59	404	427	88	21	696	70	538
PF3D7_1113600	2464	4143	1896	638	385	701	214	918	1284	1404	131	265	197	1526	108	59	1154	1194	924	101	244	325	1516	466	314	142	399	251	846	182	383	78	533	487	99	123	1850	516	125	47	1885	238	899
PF3D7_0804900	2987	4657	1297	814	783	1373	401	1463	1614	1790	249	570	697	1847	301	590	1265	2067	1617	129	357	640	2022	1456	631	821	1086	470	1519	413	752	180	1084	1097	214	315	3070	1228	319	130	2030	716	1744
PF3D7_1146600	186	590	161	66	107	134	39	98	241	130	9	14	9	209	247	127	204	1254	134	14	19	61	278	14	16	30	53	29	330	28	109	3	31	29	20	3	70	80	19	1	200	98	22
PF3D7_1368100	517	2616	448	337	125	50	237	126	237	540	205	560	11	296	60	26	145	191	51	37	220	378	639	10	417	9	29	442	1406	27	733	146	915	116	51	190	2747	261	67	26	1493	78	101
PF3D7_0316300	26	22	10	6	30	22	2	24	47	14	9	7	2	0	78	8	55	182	7	3	12	19	31	1	10	7	3	12	93	12	34	1	30	0	2	4	46	7	9	0	2	26	0
PF3D7_1467600	82	338	52	374	56	28	31	95	32	80	27	27	7	35	28	37	96	113	53	21	35	158	133	5	245	24	39	402	489	13	848	650	78	43	23	918	5999	111	44	5	145	45	24
PF3D7_1432600	433	3032	291	310	39	26	154	13	314	517	55	120	10	307	69	2	167	87	53	15	64	204	715	14	133	7	12	86	559	9	308	49	183	75	31	73	867	144	19	9	1216	31	124
PF3D7_1102700	95571	307439	59153	27165	32051	65234	15793	75833	65317	92427	7992	13898	24630	53409	10338	49093	62687	142331	54604	5465	7750	22479	86364	112952	13217	52973	32046	23963	52467	14233	20567	5145	57516	29918	8328	7202	156144	51438	14501	3711	78258	42595	49689
PF3D7_1111200	942	999	298	279	50	75	93	108	263	431	28	97	36	240	15	5	254	227	180	25	125	93	288	81	130	30	58	161	306	37	145	30	150	124	24	54	895	230	29	3	397	46	213
PF3D7_1316400	8	22	6	1	3	2	1	4	4	6	0	2	0	0	2	0	2	4	5	2	1	0	5	1	0	1	2	0	2	0	1	0	1	1	4	1	2	2	0	0	8	2	4
PF3D7_0714000	8195	21031	6264	2104	2161	4010	1057	5989	5161	9163	914	1080	2425	6998	1047	1314	5392	10930	6257	502	554	2242	7106	5167	793	1950	4152	1223	3445	1500	1338	386	1990	4954	963	561	6937	5811	2809	449	10659	1870	6531
PF3D7_0816900	5	31	3	3	0	2	3	3	4	3	2	1	0	0	0	0	5	5	5	0	0	0	4	1	1	3	0	1	11	1	3	0	3	1	4	0	3	1	2	1	4	8	1
PF3D7_1343100	28	33	17	2	22	27	3	25	36	8	1	5	1	1	94	15	57	248	11	0	5	7	4	2	1	4	4	2	224	16	23	6	3	0	6	12	203	3	4	0	32	51	0
PF3D7_0932600	2	32	1	3	2	3	3	1	0	5	1	7	0	1	7	3	3	9	3	1	8	4	4	3	22	7	1	8	29	1	19	4	5	0	1	3	30	7	7	0	3	3	0
PF3D7_0307100	5808	26044	4638	2606	1534	1256	1400	2424	3378	5860	866	1246	479	3381	440	276	2815	3573	2371	452	1133	1911	7717	1500	1531	544	1408	2614	4553	413	2453	509	3597	1953	313	800	15598	3287	581	265	12037	634	4607
PF3D7_0900900	0	2	2	0	1	4	1	1	0	3	0	0	0	0	0	3	6	2	0	4	0	0	0	0	1	2	1	0	2	0	0	0	0	0	0	0	1	0	0	0	0	1	0
PF3D7_0111600	10	16	6	5	5	7	7	4	13	10	12	73	0	2	9	0	7	2	3	0	39	7	5	1	62	0	1	47	69	3	38	16	33	1	0	25	361	2	0	0	9	12	5
PF3D7_0924200	23	2236	81	33	11	7	27	26	41	23	21	77	0	11	12	2	36	42	31	5	79	38	30	7	110	4	10	146	218	5	230	48	218	23	10	47	812	30	14	3	95	33	7
PF3D7_0405300	97	97	107	34	12	20	7	37	48	68	1	19	9	95	14	8	80	97	233	5	3	13	24	23	1	22	20	2	51	13	51	4	14	17	15	6	27	23	32	0	9	21	23
PF3D7_1401600	1266	12623	2113	869	776	406	501	790	1457	2630	289	529	128	1285	677	243	849	3012	707	80	579	676	3739	416	1678	223	292	1383	8105	233	2038	434	3092	512	70	646	15326	786	59	18	4170	569	1030
PF3D7_1340900	22895	27218	22104	8297	4999	10715	3707	15306	13504	13465	3186	12430	2321	18230	2584	11948	9717	25284	14716	1664	3429	7975	12526	6589	4773	4557	6967	5250	16021	3717	8299	1895	16831	8808	3166	2772	25870	11291	4914	1216	14032	3439	14718
PF3D7_0614900	13	22	8	5	22	15	1	13	20	14	6	9	1	0	44	29	32	73	8	5	7	10	9	1	3	4	6	0	70	14	7	1	4	3	5	1	10	7	5	2	2	23	0
PF3D7_0209700	4624	7273	2277	1546	1154	1477	567	2619	1487	3420	299	669	810	2971	399	625	2295	4557	3812	248	509	957	3611	2120	513	1000	2068	576	1391	590	655	280	1449	2061	507	418	2097	2360	549	134	3020	682	2410
PF3D7_1227900	520	2584	265	238	73	37	101	101	323	565	48	57	48	356	43	38	179	339	162	22	69	138	716	84	144	43	39	197	412	11	211	32	219	58	25	37	1002	183	12	5	951	78	246
PF3D7_1031200	46	42	5	5	8	8	0	27	17	17	2	14	1	1	17	12	36	124	26	0	0	1	8	0	6	9	4	8	29	7	11	1	12	4	17	1	11	11	16	2	6	12	0
PF3D7_1030400	29	180	13	8	3	5	7	19	27	20	2	6	3	16	4	7	15	45	35	3	1	12	46	9	7	0	1	5	20	5	21	1	8	17	5	1	27	23	4	0	58	5	28
PF3D7_0108800	190	689	95	82	52	30	37	41	87	145	74	203	6	89	18	8	62	65	29	8	212	132	170	11	226	8	10	351	460	3	198	73	315	38	4	80	1793	78	15	13	129	56	45
PF3D7_1401700	7	1252	10	30	11	0	16	4	8	120	15	1	1	10	5	0	4	18	3	10	0	14	127	0	3	2	1	1	32	0	26	1	3	11	2	2	7	18	5	4	441	2	15
PF3D7_1476600	63	95	47	449	24	32	27	238	19	79	28	12	26	126	42	13	217	65	241	51	38	176	229	107	272	126	219	226	377	72	1191	854	14	453	21	1127	5795	366	50	8	497	148	764
PF3D7_0415400	2215	5728	809	602	332	877	251	1058	1079	1174	93	226	428	1266	207	171	1034	1745	954	101	213	353	2291	1020	289	411	613	268	730	174	358	74	374	473	113	100	1515	755	129	28	2470	476	1269
PF3D7_0626000	955	1500	1011	442	147	341	159	362	552	484	242	848	29	758	33	36	540	133	349	46	534	268	611	65	1032	44	317	1157	1577	81	1078	320	1725	265	21	459	5505	507	58	43	733	175	487
PF3D7_1253300	4080	633	3752	2554	1131	2865	389	12617	2656	3250	19	387	2480	4725	42	5046	3142	5898	4357	424	27	1092	3758	8483	76	950	1917	109	231	831	168	196	69	1980	67	293	576	2699	1560	178	3276	767	3432
PF3D7_0106400	1769	6739	819	629	275	262	292	517	985	1648	104	182	103	999	97	17	649	1103	516	93	221	454	1734	263	254	83	198	422	711	65	463	100	477	352	47	123	3324	685	126	25	2237	160	518
PF3D7_0603000	1513	3526	1707	391	222	373	146	583	769	999	86	175	329	1022	113	252	661	926	673	72	143	318	1292	508	162	156	436	179	562	190	327	90	307	395	162	104	1254	572	135	28	1885	239	682
PF3D7_0610900	6068	6314	3995	1745	1377	2722	711	3938	4252	3458	316	555	1445	4139	549	863	3298	3410	3124	286	635	1241	3878	3224	1002	1085	1982	850	2245	847	1219	354	1304	1495	411	511	5112	2420	366	168	3401	1216	4175
PF3D7_1105000	9710	29203	6114	2712	2335	3104	906	7100	5970	6278	563	1112	2377	7014	2409	2053	6760	11507	4290	679	473	2023	10924	5529	798	1736	2838	816	4247	1848	1467	232	2202	3396	698	337	4526	5333	2231	281	14209	2351	6404
PF3D7_1338600	46	35	28	6	30	31	7	35	34	25	4	7	3	2	58	36	51	185	21	1	10	9	9	3	3	15	14	1	47	16	3	5	4	8	9	9	53	12	12	4	2	25	0
PF3D7_0722300	1639	4972	1181	587	430	206	292	572	797	1316	212	300	124	1343	154	60	657	588	577	46	173	550	1994	274	239	107	357	274	1149	133	523	92	657	167	76	133	1873	641	124	64	2495	167	929
PF3D7_1410200	9796	20182	4545	3031	1532	1637	1296	3121	5056	6288	660	1455	674	6810	750	201	3483	4641	3260	467	1160	1927	9397	1936	2023	514	1667	1980	5286	683	3325	534	3474	2175	528	824	11821	2953	532	232	9758	790	3911
PF3D7_0606300	2	14	2	3	2	3	1	2	1	4	0	4	1	1	0	0	3	2	0	0	0	2	9	1	0	0	0	0	0	1	4	0	1	0	0	1	8	1	0	1	3	3	1
PF3D7_0525800	479	47	399	17	573	1233	6	769	900	250	1	26	139	18	751	1912	740	7040	186	3	29	62	26	452	22	129	272	3	695	166	1	6	0	306	59	4	2	35	91	34	7	292	39
PF3D7_1026200	13	70	9	2	2	6	3	6	8	8	4	9	1	0	1	0	21	20	6	3	17	6	6	0	14	6	5	17	23	1	13	5	22	0	2	11	78	4	9	1	4	4	0
PF3D7_1347900	19	8	5	7	2	2	0	7	2	5	1	4	4	5	8	1	18	10	8	1	0	8	7	6	1	9	5	1	16	5	1	0	2	2	2	1	2	0	9	1	3	12	0
PF3D7_1200700	96976	135051	118692	42017	45324	86110	14417	122343	91208	118929	4290	8967	46673	100078	10163	47616	112816	221059	109201	7187	7182	24412	135832	138351	6786	44589	55878	7163	30851	38657	11449	4082	11571	47322	10170	5979	26355	63664	7610	2203	103926	65039	106635
PF3D7_1317800	17164	56379	10946	6761	4773	4144	3893	9648	10496	16184	1997	3025	2219	10699	1427	1183	8221	13249	7716	1431	2634	4984	19723	7503	4210	1988	4634	5535	11681	1257	5468	1098	9123	4752	860	1574	33275	9524	1205	557	23780	2427	14737
PF3D7_0200500	31	17	26	5	2	53	0	2	1	3	5	4	1	25	1	0	8	3	2	0	13	1	7	0	0	0	5	3	2	1	1	0	0	1	1	0	4	0	6	0	1	5	0
PF3D7_1010500	7	9	48	3	1	18	0	2	4	5	3	2	0	8	7	0	3	15	6	0	2	2	1	5	0	2	4	0	1	1	0	0	1	2	1	0	0	2	12	1	0	2	1
PF3D7_1243800	866	3050	422	257	129	52	196	121	352	584	139	257	11	420	44	6	296	47	118	54	103	265	837	21	168	12	51	190	682	26	359	55	448	121	71	86	1280	221	46	32	1561	51	210
PF3D7_1301400	396	531	2202	271	530	569	360	318	258	146	397	1989	22	75	34	118	463	109	343	25	6986	921	114	39	10248	19	108	9537	7880	40	1932	1291	2956	128	6	1936	50188	330	19	20	574	1175	473
PF3D7_0821000	39	72	22	11	29	29	3	59	42	20	17	78	14	7	144	21	73	361	36	3	14	33	61	4	35	13	6	13	281	33	108	9	150	4	11	9	264	26	12	1	9	44	15
PF3D7_0526300	2756	6929	1657	701	358	678	319	1392	1358	1918	209	365	352	2090	204	48	1239	2027	1045	140	208	580	2470	806	222	282	731	344	1155	295	601	109	774	915	246	189	2298	1170	303	121	3890	279	1324
PF3D7_0803600	3354	8264	3355	1311	582	786	571	1317	2141	2668	274	590	285	2705	369	85	1498	1960	1680	189	254	875	3259	647	546	175	638	588	2110	240	964	146	1610	962	263	241	3831	1344	294	92	2844	315	1779
PF3D7_0732400	0	0	0	0	1	11	0	1	0	0	0	1	0	0	1	0	0	0	0	0	3	0	0	0	0	0	5	0	0	0	0	0	0	1	0	0	0	0	0	0	0	4	0
PF3D7_1338800	15	20	8	12	2	7	2	18	6	12	4	6	0	0	3	11	40	41	15	2	4	3	2	2	1	8	4	0	0	4	1	3	2	0	10	6	4	6	10	2	2	10	0
PF3D7_1203500	8342	11521	6503	1868	923	1117	787	2053	5775	5820	180	322	540	2396	950	427	2594	4561	2652	326	302	1171	6536	1399	324	704	1271	296	1537	402	589	124	492	1301	310	199	1643	2512	249	78	5479	629	3062
PF3D7_1147000	45	85	9	16	9	13	6	16	16	24	0	17	3	1	12	3	57	69	14	7	1	4	11	3	5	21	10	1	32	6	27	1	6	0	11	1	9	19	30	4	4	16	0
PF3D7_1029800	16	304	42	6	8	13	10	13	9	11	4	7	0	1	15	5	29	77	8	1	7	10	16	0	24	5	3	3	55	9	25	10	26	0	9	13	107	12	6	0	41	8	0
PF3D7_0419100	5	13	1	3	0	0	1	3	0	6	1	2	0	1	1	0	2	1	0	0	2	2	2	0	3	2	0	2	3	0	8	4	0	0	1	5	38	0	1	2	4	0	0
PF3D7_0401100	0	0	0	0	0	0	0	0	0	0	0	0	0	0	0	0	1	1	0	0	0	0	0	0	0	0	0	0	0	0	0	0	0	0	0	0	0	0	0	0	0	0	0
PF3D7_1448700	753	1920	296	165	82	204	100	288	378	575	42	102	74	478	47	27	245	459	228	38	106	150	693	156	126	43	159	183	414	47	131	49	224	186	36	64	924	284	33	11	819	95	323
PF3D7_1445300	130	147	138	37	17	68	24	122	96	80	3	16	37	267	13	9	103	94	104	3	5	17	60	97	8	15	60	12	33	17	20	8	10	51	8	7	165	65	21	2	19	34	33
PF3D7_0213600	109	440	66	24	20	15	25	23	64	44	20	26	0	25	11	5	28	46	27	9	3	41	40	0	31	8	13	14	210	8	51	7	54	7	16	15	216	35	29	5	49	14	4
PF3D7_1454400	28986	51187	14163	9861	5049	5455	3597	10899	15964	24907	2747	5513	2421	20230	2216	1854	12230	17860	10340	1553	3511	6966	23729	7999	5145	2718	5174	6399	16484	3050	8054	1884	12558	7501	2606	2596	37168	11954	3201	1485	29711	2898	12429
PF3D7_0717300	284	1440	276	168	191	59	124	186	394	500	45	426	29	375	98	47	206	264	243	26	207	192	541	61	547	15	46	707	1232	48	380	137	718	137	35	182	3538	190	48	25	716	116	161
PF3D7_0609400	552	1293	198	145	47	66	67	229	135	302	61	149	149	317	50	155	111	178	241	63	249	127	202	92	229	39	12	128	335	205	179	35	107	28	63	63	688	106	345	40	352	125	275
PF3D7_0509100	64	78	7	17	8	16	4	27	15	28	8	17	1	1	19	4	60	128	25	7	4	5	17	1	5	20	23	1	18	9	5	0	5	0	26	0	5	18	36	5	4	12	0
PF3D7_1470500	40	41	23	21	7	18	6	36	22	16	1	10	10	41	7	6	40	40	35	2	4	9	9	21	3	9	7	0	10	16	12	0	2	28	13	2	4	27	22	1	2	12	1
PF3D7_1030200	273	97	550	135	104	1284	16	363	399	140	13	40	62	349	161	87	484	1368	952	12	18	67	36	209	4	73	108	5	168	105	66	3	13	244	110	8	20	261	448	38	16	60	57
PF3D7_1217100	32	78	56	33	42	34	10	87	31	74	11	18	8	30	20	2	19	122	65	2	7	16	71	10	7	10	16	10	33	13	23	6	9	30	6	5	134	42	11	2	46	9	93
PF3D7_0717600	48	115	18	17	22	18	2	24	37	15	3	6	0	4	53	20	35	140	16	5	19	1	7	1	11	16	11	7	94	11	2	3	6	1	13	2	22	13	11	2	7	24	0
PF3D7_1312300	17	11	4	6	1	4	1	8	3	10	0	2	0	0	3	0	18	33	4	0	0	3	2	0	0	3	1	0	3	1	1	0	2	1	12	1	0	2	4	0	0	4	0
PF3D7_0701600	2	0	2	0	3	6	1	8	5	1	3	2	0	2	0	0	0	0	7	0	14	3	0	0	6	1	3	1	0	1	0	0	0	0	0	1	0	3	1	0	0	8	0
PF3D7_1463500	1654	5187	816	469	450	583	284	979	876	1529	119	143	316	1309	184	109	763	2392	715	109	76	492	2007	748	86	198	560	98	511	212	337	53	239	616	99	77	686	1063	193	44	3401	296	1181
PF3D7_0414000	57	1385	191	102	7	21	108	13	109	56	41	22	1	112	34	4	41	32	15	4	27	53	239	3	48	10	5	24	104	6	77	18	37	1	7	30	293	16	14	1	432	15	0
PF3D7_1212000	12	877	57	62	13	14	54	9	28	74	41	46	0	19	19	2	22	22	3	4	27	54	101	3	80	7	1	151	428	0	188	53	311	4	5	70	909	26	6	2	128	24	11
PF3D7_1404900	15525	25139	9780	3844	4363	11988	1491	12788	10229	11972	813	2132	6988	9582	1770	11200	8994	19440	9809	810	1845	3186	13369	18799	3040	7930	6588	3206	7488	3437	3045	1124	3327	4050	1285	1637	15552	6780	942	364	17757	7017	10128
PF3D7_0316900	2004	5292	1901	561	405	700	282	893	1162	1845	177	322	742	1731	243	509	763	1672	1396	130	181	637	1982	1246	281	607	648	481	1040	320	416	107	694	850	272	144	2273	1078	338	73	1882	417	1252
PF3D7_1115000	4	4	3	2	0	6	0	4	0	0	1	3	0	0	2	0	3	9	3	0	3	2	3	0	0	2	0	1	4	0	2	1	1	0	1	1	11	1	4	0	1	2	2
PF3D7_0501900	144	736	82	75	23	14	56	68	95	183	27	33	8	105	14	3	42	55	24	5	39	58	181	8	48	5	18	61	216	8	103	18	58	28	9	26	556	63	2	7	266	19	87
PF3D7_1131500	10	11	1	2	3	2	3	4	3	1	4	2	0	0	2	1	14	12	3	0	3	0	0	0	1	1	1	0	1	0	0	0	0	0	3	1	0	2	6	0	0	8	0
PF3D7_0610000	16	20	6	3	4	3	2	1	5	10	2	3	0	3	5	2	18	33	5	0	4	0	8	1	0	6	7	0	4	2	3	0	4	1	4	0	3	8	5	3	1	5	0
PF3D7_1122400	2386	2926	1130	816	310	270	223	1172	1205	1309	120	164	212	982	92	81	699	803	695	72	206	342	1362	551	312	118	445	307	840	218	465	144	450	519	75	172	2081	682	108	33	1395	188	1280
PF3D7_1115300	2095	14970	3046	1620	664	849	27	1129	1330	2389	376	1043	272	2149	402	129	1007	1562	994	97	1268	1001	5080	699	2000	180	613	2336	3029	180	2424	409	2752	744	95	611	9811	1613	250	70	9958	492	1003
PF3D7_0811300	42120	40652	38604	15150	10720	36529	4660	45205	36240	33226	2277	4801	12479	33542	5582	18309	30033	48278	40688	3304	2579	10886	22192	31477	3918	17745	21335	3326	10831	11372	6241	2460	7395	20813	6392	3686	23345	32407	5276	1381	16283	12630	37997
PF3D7_1458600	3762	7697	2631	900	486	932	333	1343	1917	2284	167	373	672	2751	338	405	1621	2503	1890	178	260	665	3079	1221	421	610	1177	470	1439	436	894	241	904	1127	246	294	3051	1581	188	99	3191	530	2215
PF3D7_1025500	102	800	108	71	37	40	40	52	69	99	25	31	10	35	27	14	121	139	54	9	8	31	63	7	12	26	19	9	43	11	51	13	25	5	31	19	163	44	60	8	52	24	4
PF3D7_1456700	3931	11707	1841	1829	813	294	730	856	2471	4333	358	691	419	4281	420	81	949	2604	1545	289	423	1155	5655	922	833	284	842	972	2964	403	1777	299	1695	1507	394	464	5236	1822	442	174	5963	444	2264
PF3D7_0529300	15	45	5	2	3	6	3	2	8	12	1	10	0	2	4	0	6	15	3	0	14	7	1	0	6	4	1	3	13	2	19	1	12	2	4	3	59	4	2	0	57	0	0
PF3D7_0526400	13	157	18	13	3	1	7	6	17	51	4	5	1	11	1	0	15	37	17	2	2	16	107	1	2	4	10	3	20	4	9	2	2	11	5	3	15	15	3	1	51	4	3
PF3D7_0604000	23	67	17	22	2	19	3	18	13	23	5	16	0	1	9	4	53	61	28	1	7	5	14	0	4	19	4	3	9	2	14	2	3	1	12	3	60	11	24	2	11	12	3
PF3D7_1305900	24	37	28	15	15	31	15	24	5	21	27	120	1	8	21	5	22	53	26	1	82	23	19	2	85	3	10	51	156	3	200	59	43	1	7	91	684	3	7	2	5	38	0
PF3D7_1426400	4	14	0	3	0	1	1	5	1	2	0	1	1	0	2	0	11	14	3	2	0	1	4	0	0	5	5	0	0	0	0	1	3	3	1	0	0	3	5	0	1	2	0
PF3D7_1141000	8	12	6	8	1	2	2	5	6	5	1	1	0	3	1	1	4	9	8	0	1	1	5	0	1	5	6	1	16	3	1	0	1	2	1	0	8	4	5	1	3	4	0
PF3D7_1433800	31	333	25	28	12	10	26	20	32	45	15	20	1	10	16	1	47	74	15	1	10	14	27	0	19	17	10	13	120	7	97	51	8	5	13	89	598	21	23	3	56	21	0
PF3D7_0303800	22	17	7	5	5	5	0	6	8	5	2	7	0	0	6	2	17	31	10	1	11	3	3	0	3	4	3	4	10	6	15	18	3	1	4	20	97	0	6	1	4	10	0
PF3D7_API01700	0	0	0	0	0	1	0	0	1	0	0	0	0	2	0	0	0	0	1	0	0	0	0	0	0	0	0	0	0	0	0	0	0	0	0	0	0	0	0	0	0	0	0
PF3D7_1472600	37	10	20	0	51	40	0	51	71	12	1	7	0	0	67	49	76	477	11	1	6	9	3	0	1	2	10	2	166	15	7	7	0	0	0	10	99	1	3	0	0	29	1
PF3D7_0525300	21	9	18	0	18	38	0	17	19	8	0	5	2	2	32	93	27	160	7	1	3	3	7	3	1	6	5	0	18	9	0	3	0	6	4	2	12	0	2	1	1	17	1
PF3D7_1401500	236	110	533	67	483	848	114	477	173	104	445	2640	31	39	40	36	300	93	161	4	2769	334	57	73	3064	15	45	1933	1003	51	666	333	20	79	8	498	3589	102	34	21	73	610	35
PF3D7_0702200	2376	5899	1987	551	1023	1728	409	1692	1049	1444	504	3733	863	1717	284	1034	1464	2902	1801	160	3483	1157	2865	2142	5277	733	1251	4904	6582	498	1672	1242	3354	897	220	1819	24409	1508	297	125	3166	1502	2110
PF3D7_0830500	88800	82557	35666	12644	11318	25414	5526	22730	33316	32644	899	1115	12787	37461	4735	11821	30576	34691	27524	1073	2029	6193	50045	43406	2170	10322	8743	2388	10998	5246	2416	816	2430	7027	971	1149	7407	11877	1224	310	33186	16391	27884
PF3D7_0502300	7	7	7	5	0	1	1	4	2	2	0	3	1	2	2	0	4	8	3	1	0	2	3	2	0	3	3	0	0	1	3	0	1	0	1	1	1	3	3	0	1	0	0
PF3D7_1425800	23	42	24	10	11	6	5	16	9	16	3	18	1	27	10	4	27	48	5	0	5	7	11	4	5	13	6	4	34	11	8	5	6	1	8	3	78	7	16	2	14	10	5
PF3D7_1120200	449	1741	317	113	44	114	74	139	182	374	49	106	58	309	35	13	184	205	136	15	42	86	318	78	52	21	122	137	244	25	111	30	133	200	40	39	428	118	78	19	583	38	146
PF3D7_0727200	7098	13444	4453	1868	987	1474	753	2878	3092	4292	439	673	551	4899	508	105	2280	3657	3063	312	302	1223	6184	1681	327	388	1465	352	1533	558	852	102	540	1800	516	163	2115	2869	653	203	9177	378	3185
PF3D7_1425000	9	20	3	3	0	1	1	2	1	2	0	0	1	5	1	0	2	1	0	0	0	1	6	0	1	0	1	1	1	0	1	0	2	3	1	0	9	5	2	1	6	0	12
PF3D7_1445800	31	37	25	17	6	11	2	34	35	40	0	6	10	81	3	12	31	36	120	2	1	13	24	11	3	9	14	1	15	9	24	0	3	12	10	4	14	23	20	4	18	7	34
PF3D7_1405300	117	2809	244	151	58	5	90	18	132	444	44	128	3	201	47	6	59	55	44	31	56	140	621	3	123	8	14	171	513	12	189	35	265	26	22	60	965	144	12	11	720	31	43
PF3D7_1116200	2479	6091	1072	1077	437	137	420	498	963	1877	493	860	24	1057	121	20	664	679	385	184	354	868	1749	115	647	56	119	992	2895	70	1882	319	3253	485	154	461	7353	766	321	181	4070	131	829
PF3D7_1119700	498	1248	710	211	123	146	101	201	310	633	65	62	79	426	71	95	203	419	233	35	20	240	592	110	24	106	103	5	147	75	84	11	12	190	94	8	89	258	88	16	1219	57	289
PF3D7_1471600	23	23	14	13	3	9	2	10	12	12	5	7	0	0	4	2	26	35	9	2	10	2	3	2	2	11	8	1	4	3	0	1	2	1	8	4	8	9	17	0	1	7	0
PF3D7_0519500	103	557	245	40	54	67	94	54	34	76	80	332	3	7	30	24	73	109	101	3	182	137	25	4	464	27	21	632	1094	14	549	151	1216	10	14	207	2764	75	41	10	65	59	9
PF3D7_1126100	53	334	53	22	26	18	13	15	16	24	8	20	7	31	9	3	46	65	21	1	14	9	12	10	17	10	14	17	87	3	46	14	27	9	7	27	150	13	22	4	30	11	2
PF3D7_1101400	0	0	0	0	0	0	0	8	0	0	0	1	0	0	0	0	4	0	1	0	0	0	0	0	0	0	0	0	1	0	0	0	0	0	2	0	0	0	0	0	0	0	0
PF3D7_API03900	0	0	0	0	0	0	0	0	0	0	0	0	0	0	0	0	0	0	0	0	0	0	0	0	0	0	0	0	0	0	0	0	0	0	0	0	0	0	0	0	0	0	0
PF3D7_1431900	9	9	16	4	4	3	1	7	2	6	1	6	1	1	12	4	19	22	6	0	2	0	6	1	0	1	2	0	11	5	2	1	1	1	4	2	2	5	4	1	0	6	0
PF3D7_1234200	253	145	243	77	36	58	21	115	156	46	10	23	6	255	31	10	154	103	141	2	24	19	29	25	13	22	40	25	74	11	52	16	23	29	22	30	245	59	28	0	18	40	20
PF3D7_1104300	27	58	8	13	10	5	3	12	6	17	1	16	1	5	13	4	25	67	21	2	4	8	16	6	22	9	8	22	30	3	45	16	33	1	11	27	192	18	19	1	13	8	8
PF3D7_1337800	1484	4957	1120	885	742	1412	292	1060	1208	2532	118	123	705	1284	453	2828	1228	5580	1145	90	40	497	2644	2020	116	2426	462	14	356	585	132	85	49	490	314	127	61	727	318	100	1848	862	619
PF3D7_1440200	32	124	36	15	12	25	43	22	18	38	6	76	1	1	14	8	53	44	33	11	81	51	15	1	179	17	4	82	583	9	614	40	185	2	17	70	633	24	13	1	13	30	2
PF3D7_1119000	195	1530	126	132	25	16	113	49	85	216	46	142	6	87	30	4	107	91	38	13	83	64	265	7	210	3	22	230	289	11	176	37	293	40	10	57	1075	95	6	9	453	46	28
PF3D7_1440300	9	25	7	4	2	4	7	6	4	6	1	19	0	0	3	0	7	14	6	0	10	7	5	0	23	0	0	12	68	2	88	6	31	0	2	6	75	7	3	0	1	7	0
PF3D7_1361500	42	22	30	6	62	57	2	62	155	8	1	6	5	6	92	113	54	656	22	1	0	1	3	9	3	1	12	3	144	19	2	7	0	2	2	14	197	10	1	0	5	35	0
PF3D7_0513200	10808	21895	4958	3480	1412	1933	1595	2947	5668	8031	627	1130	534	8957	850	287	3511	2945	3268	414	722	2071	8722	1219	1327	473	1345	1288	4464	716	2403	478	2539	2496	536	653	8114	3279	485	270	7111	790	3737
PF3D7_0109800	4381	13072	2194	1632	933	946	767	1999	2390	3895	332	649	613	3282	454	188	1983	3488	1958	227	546	1076	5998	1715	850	659	992	891	2434	382	1277	249	1474	1422	280	340	4609	1865	317	122	6624	559	2821
PF3D7_1120100	22609	134858	11090	10896	4074	964	7174	3745	12449	25220	4703	6810	208	15226	1934	195	5727	5439	3856	1028	6311	11307	36434	947	15751	470	771	17111	53042	545	19406	3980	46810	2385	1221	5726	143593	7380	1698	1085	52055	1951	7621
PF3D7_0604500	39893	42543	39646	13181	10441	30813	5257	30161	34505	29105	1680	3366	14616	31079	5411	19857	22572	34181	36222	1981	3429	8777	24090	34666	4819	17200	17278	3720	12656	7992	6519	2542	8064	12089	3563	3626	22646	21458	1988	787	13737	13738	33803
PF3D7_1231200	36	13	10	0	18	108	1	27	43	13	0	3	3	1	16	28	35	150	3	0	1	2	3	8	0	2	9	0	7	3	0	0	2	27	2	3	1	1	5	1	1	16	0
PF3D7_1225900	5	67	15	6	0	28	1	5	4	13	2	11	4	7	5	2	13	20	27	0	8	5	10	5	20	1	0	37	33	2	67	9	47	0	5	12	169	2	7	0	14	6	2
PF3D7_1235900	3341	4247	2711	1433	486	724	557	1293	2026	1878	252	468	209	2418	218	74	990	1907	1423	203	271	948	1807	546	445	208	791	434	1310	280	794	187	1069	888	217	258	2805	1380	212	82	1609	205	1875
PF3D7_1333000	63	514	25	46	14	23	30	43	31	75	31	84	4	36	18	3	32	53	25	5	67	44	159	13	163	7	7	137	436	12	437	78	486	17	5	97	1820	42	9	2	195	21	18
PF3D7_0914000	1452	4613	468	516	189	167	284	276	523	1397	109	206	16	845	88	6	359	304	299	72	197	318	1709	66	315	31	92	313	737	33	362	74	326	187	55	104	1500	578	56	28	1308	90	239
PF3D7_1016400	22057	52885	9923	6986	3285	4224	2898	9470	9126	24729	1336	3338	1280	14821	2206	295	7558	20275	6687	1307	2507	4616	21884	4923	3481	2426	3865	3738	13758	1740	4690	535	11401	3400	1840	794	27737	11288	658	905	27648	2026	9803
PF3D7_0108400	390	1811	376	92	170	487	66	564	440	596	84	58	415	184	99	404	483	1298	1362	33	62	174	335	1150	50	470	159	46	119	339	100	59	29	265	106	93	406	370	148	27	296	405	658
PF3D7_0817700	80	86	79	14	99	70	6	122	225	43	2	23	2	10	316	149	165	3013	61	1	13	18	15	11	7	15	23	0	621	47	10	2	4	2	14	0	8	14	17	1	1	97	3
PF3D7_0607300	5	3	9	0	1	5	1	1	2	1	0	2	0	0	2	0	7	12	3	1	0	2	1	0	1	3	1	0	3	0	0	0	1	0	2	0	4	3	4	0	0	2	1
PF3D7_0111500	33	22	10	6	28	27	5	42	51	12	1	7	2	2	100	25	57	304	7	0	18	7	9	2	19	1	2	26	153	10	32	5	13	2	1	3	64	6	6	1	0	37	0
PF3D7_1103300	3	4	1	0	0	0	0	2	1	1	0	0	0	1	0	0	1	1	0	0	0	0	7	0	0	0	0	0	0	0	0	0	1	0	0	0	1	2	0	0	0	0	0
